23
-16
-103
44
-106
-70
-50
6
-28
3
87
95
35
19
-27
-12
-40
0
-16
144
167
-57
45
10
64
-135
-94
-96
-17
6
-42
19
11
97
4
-12
-6
18
104
12
110
55
63
20
11
21
24
24
6
-111
3
11
9
68
29
-93
115
-5
-29
-3
143
20
-103
-9
115
75
-67
-38
-62
-24
-110
-122
-54
6
12
9
-5
-32
45
-1
-97
92
26
-93
-85
47
88
142
4
-3
107
8
108
-83
-42
-62
-23
26
-66
83
-13
-36
-60
12
60
-9
10
-98
133
108
-5
-41
-18
60
39
14
-50
-16
9
-24
96
-14
185
-62
-146
45
-91
3
22
72
-127
-14
-13
4
15
13
98
105
94
-39
-51
20
35
-42
4
55
97
-81
-10
-56
20
38
-102
-103
-13
40
1
-4
41
-5
-14
-13
27
8
-32
18
72
8
105
28
0
58
-110
58
24
-83
-65
150
-21
11
28
-30
-8
4
-45
-86
7
-1
-40
-4
54
56
65
-10
12
13
-66
-38
-83
-9
31
-6
105
-143
79
-84
-64
-68
-54
-5
17
63
151
66
-34
70
38
-19
160
-101
-41
-49
-6
-29
36
-10
-62
-20
-74
-25
34
-95
26
-91
126
-31
85
-18
-13
52
92
-70
-36
-24
-66
-17
-35
-72
182
-75
-81
-35
1
9
1
185
33
22
71
13
-51
85
45
-155
32
9
-26
9
16
4
-131
-10
-41
-26
70
-30
23
-96
64
88
72
-46
62
-19
23
9
26
23
-52
30
-37
133
-68
1
36
-62
114
-39
29
19
-201
52
-61
40
0
2
-19
-109
-87
51
59
39
-19
14
2
90
-151
-63
-21
27
121
-36
74
111
37
50
-24
-16
80
-87
-81
40
-75
-84
38
-35
6
-167
-105
-75
-86
-5
-7
-1
-16
-38
65
-44
-18
-21
-34
64
139
58
44
51
-29
8
51
56
16
-72
62
34
-43
-58
29
-42
55
-20
3
-10
-3
-3
-65
13
22
124
48
-45
-12
5
-98
-127
-36
1
10
15
52
-13
97
-29
-106
-87
-34
39
-50
78
92
58
51
-13
20
-26
180
-159
-19
-31
20
-29
2
127
26
-68
-7
-66
24
-99
76
-68
22
141
-34
63
35
7
3
-20
-27
-18
-45
6
-1
1
216
-115
-69
-41
9
125
35
54
-5
12
36
101
-46
17
-40
-195
-66
40
33
-59
6
-16
94
-8
37
-11
33
0
-1
0
40
-82
97
-18
18
9
-51
-80
-9
-13
-8
-6
48
-12
113
40
44
-44
138
-43
-74
-32
-7
-13
-4
-21
-42
-46
-7
47
-62
-13
-14
-18
59
