-5
5
-18
-4
-13
4
-6
-15
-12
-3
-10
9
-15
-15
0
15
0
8
5
13
4
-7
-47
56
56
0
-26
-26
-32
-6
5
-6
-4
-3
-1
0
22
-5
20
-9
-5
-10
-26
19
5
-19
13
-4
0
0
9
55
18
-8
-34
-54
-33
-1
-13
-10
2
-7
1
11
8
-7
-1
-7
-7
-38
-36
17
57
15
41
10
-19
-8
0
-2
3
16
20
-4
-3
0
0
9
5
8
-7
-21
30
4
-10
-13
-48
-8
53
33
3
-10
-26
-20
-11
-5
-8
12
-4
-3
2
7
-28
0
-1
-9
3
8
0
-3
-12
-32
1
7
35
46
57
22
8
-28
-38
0
9
21
4
9
33
7
-11
-23
12
2
13
-21
18
-3
-20
6
-16
5
20
12
8
-44
-64
23
45
30
26
-5
-21
-30
-10
14
2
-6
-1
-46
24
-18
30
0
-12
-7
4
2
-3
2
4
-1
-2
7
51
64
54
-46
-58
-50
-33
1
19
6
-1
-4
-14
34
-18
5
134
-36
-11
25
-56
15
-22
-13
-5
-2
-17
34
-3
18
-18
28
2
0
20
-6
-74
-2
50
7
21
-23
9
8
-14
-20
48
12
8
12
3
74
8
8
-41
-35
12
-42
35
18
-6
16
-34
-3
58
-16
30
-14
71
-26
-4
-9
8
86
8
-62
6
-43
-13
6
12
13
7
21
-3
48
-14
15
-16
3
9
2
83
13
4
8
-20
27
-7
-13
21
-12
-51
-28
54
3
-4
-69
53
-10
39
8
0
-12
26
9
-15
3
24
3
-9
-14
13
-1
-57
5
-7
11
82
-6
-1
15
2
38
-1
-12
4
-7
-39
45
38
16
-5
5
-44
-22
44
18
4
-9
-33
17
-7
25
-3
-33
-60
25
-26
-5
39
16
7
-23
26
26
38
2
-22
-24
-135
79
-14
-29
9
43
-39
-59
30
33
17
-10
-3
3
-17
-28
-8
11
27
-27
15
-40
-44
7
40
3
-27
29
-63
34
-24
-10
13
21
35
-38
33
-2
-8
-13
11
-10
-30
11
8
15
-14
0
-11
-47
73
27
14
23
-32
70
72
-76
98
23
-14
-17
-8
-47
83
-63
12
-38
-29
-18
1
-12
29
-35
-11
50
24
-18
-14
-9
6
-29
-24
-6
23
-40
65
-57
8
13
-1
3
-25
-10
-1
0
1
-15
-6
-1
-15
51
-20
-4
-6
0
34
21
10
-21
12
29
-14
-23
23
-34
-9
-16
-25
-12
-62
-21
-2
10
13
4
0
-58
-58
-45
21
-20
9
17
57
6
-3
-16
14
7
-23
10
-37
15
2
30
-7
