689
821
912
705
579
481
242
197
543
616
521
420
366
192
525
1275
1255
1141
1101
866
724
689
719
857
795
664
438
285
467
987
1039
983
977
801
573
426
621
733
598
563
455
472
351
437
1241
909
778
698
572
498
529
386
331
317
342
289
339
350
293
219
235
191
178
183
173
180
173
148
145
135
126
294
1034
1286
1471
1342
1481
1491
1187
967
691
837
795
839
490
487
684
499
515
368
318
297
273
327
293
342
285
263
235
260
448
931
1272
1147
1328
1108
1072
959
907
895
715
614
547
558
616
551
425
379
325
295
269
255
276
273
217
601
659
484
538
802
934
1584
1418
1305
1081
1072
793
865
717
698
620
612
551
489
441
489
853
1183
1086
832
668
616
356
319
712
877
763
583
351
302
285
829
1407
1200
1096
1039
702
626
719
1252
941
801
635
430
351
798
1684
1638
1032
886
813
714
526
1020
821
698
664
664
515
334
1332
1162
923
829
669
602
564
515
456
373
326
370
432
459
905
1752
1083
653
624
525
398
300
570
749
495
413
611
669
964
1281
1609
1275
1530
1381
1174
973
945
1057
732
603
674
495
475
402
352
339
270
265
270
211
219
303
856
592
421
461
431
392
1089
1506
1210
949
920
839
698
848
794
657
518
526
407
436
432
1349
1364
833
901
898
751
268
311
935
1041
640
749
851
1032
1061
1393
879
806
749
592
482
1090
1422
1082
748
487
347
754
1467
1225
1217
1084
822
477
463
841
917
775
536
542
496
354
1081
1148
965
946
781
749
547
541
556
546
536
421
326
344
322
439
323
319
202
170
224
261
251
285
241
216
482
557
914
1421
1761
1786
1422
1188
1037
891
1010
1111
755
561
569
484
551
576
416
349
318
248
263
306
248
306
253
200
242
209
235
229
1292
1603
1601
1120
1022
947
984
926
853
773
606
572
504
428
407
432
406
309
277
315
296
284
288
321
1424
2090
1936
1785
1716
1003
2618
3455
3870
4460
4060
3528
2827
2190
2125
2724
2381
1991
1761
1225
2122
3692
2470
2735
2323
1648
914
834
1347
1695
1555
1527
957
609
784
2712
2515
1896
1234
1427
1365
649
766
2078
1709
1588
1508
1006
484
3214
3978
2457
1759
1549
812
582
427
2433
1881
1532
934
339
1807
2463
2938
3229
2539
1883
2154
1454
1470
1602
1792
1596
1369
1205
996
816
3477
3729
2981
2410
1616
609
579
1174
1329
1273
1128
760
684
1066
2939
2335
1765
1490
1042
724
507
1318
1344
1267
1156
490
348
1314
3537
2636
1981
1234
957
452
1187
2015
1785
1437
1121
760
1837
3151
3817
3106
3393
2594
2313
1724
1611
2125
2338
1983
2013
1756
1003
1395
3565
3202
1970
1631
1236
773
488
891
1171
982
871
730
429
2183
2378
1877
1428
982
935
594
536
1922
1442
1348
1166
537
434
1685
3349
2842
2053
1671
900
685
1155
1826
1576
1458
1135
462
1827
2808
3027
2990
2771
2395
1821
1352
1442
1201
1584
2150
1735
1545
1129
970
3294
3274
2354
1834
1271
1042
921
2919
2587
1814
1087
867
612
544
2370
3082
2266
1662
1260
922
552
1154
1789
1595
1683
1306
545
432
2370
2436
1614
1113
931
264
1574
2920
1660
1269
893
368
250
3439
2911
2198
1852
1289
992
903
877
742
769
765
487
578
455
357
271
1466
1356
878
641
341
217
282
2882
2488
2079
1650
895
2173
2268
3538
4117
3259
2747
2337
2007
1690
1240
2365
2118
1791
1405
919
1339
3569
2541
1995
1473
1379
579
700
1065
1453
1303
1220
1006
651
1454
2619
2314
1622
1290
795
580
428
911
1662
1488
1192
605
329
2699
2939
2235
1428
975
2048
2099
1749
937
2374
2411
1664
1481
757
2199
4071
3157
2430
2306
2214
1865
1425
1793
2035
1959
1816
1528
1064
849
3447
2799
2209
1694
1336
610
586
1382
1099
1058
1098
1037
476
1027
3983
3102
2311
1903
1357
794
587
1085
1607
1528
1480
999
432
382
2468
2222
2602
1375
798
2214
1571
1350
411
2607
2842
2105
1371
800
2450
3808
2920
2411
2008
1559
1206
1157
1332
1594
1573
1506
720
755
2928
3143
2541
1464
1538
992
589
584
1426
1365
1358
1392
610
372
3063
3133
1953
1576
1194
904
611
487
1123
1047
1026
866
512
346
3074
3892
3237
2152
1277
806
795
1849
1692
1672
1681
1336
1410
2364
2375
3095
3939
3750
3777
2656
2090
1638
2270
1688
1926
1606
1146
1643
4127
4157
3700
2847
1886
1453
1405
1584
2565
2204
2040
1734
804
1707
2710
3760
4786
3608
2498
1835
1809
1526
2348
3728
2255
1621
1211
1010
2433
3776
2360
1878
1857
2003
588
1513
2711
2416
2004
1557
739
2308
2656
2471
4133
3539
2671
2136
2073
1822
1484
1385
1090
1127
814
859
741
795
1298
1745
1083
974
414
396
350
287
95
249
731
1000
948
1313
2896
3071
1972
1643
1340
1018
622
515
487
509
497
449
389
371
2164
2437
1708
1546
1239
806
788
609
816
671
600
451
399
366
1901
2906
2315
1496
1019
386
314
329
604
551
379
429
338
287
2662
2368
1898
1654
1077
747
589
497
819
707
539
652
758
2286
2587
2511
2491
2019
1255
1009
734
580
630
576
500
510
423
870
3044
2812
1664
1426
1238
1258
798
464
692
1202
765
721
1878
2636
2585
2650
2588
2008
1208
998
829
679
628
524
550
492
