41 11 2B
41 11 2B
41 11 2B
41 11 2A
41 11 4B
41 11 2C
41 11 2C
41 11 2C
41 11 2C
41 11 2D
41 11 28
41 11 28
41 11 28
41 11 29
41 11 29
41 11 29
41 11 29
41 11 29
41 11 29
41 11 29
41 11 28
41 11 29
41 11 28
41 11 29
41 11 29
41 11 29
41 11 28
41 11 29
41 11 29
41 11 29
41 11 29
41 11 29
41 11 2F
41 11 3B
41 11 2B
41 11 28
41 11 2B
41 11 27
41 11 30
41 11 29
41 11 27
41 11 2D
41 11 31
41 11 30
41 11 2B
41 11 2D
41 11 28
41 11 28
41 11 29
41 11 31
41 11 32
41 11 33
41 11 37
41 11 38
41 11 43
41 11 27
41 11 36
41 11 3B
41 11 26
41 11 28
41 11 27
41 11 27
41 11 27
41 11 29
41 11 29
41 11 28
41 11 27
41 11 27
41 11 27
41 11 27
41 11 27
41 11 28
41 11 27
41 11 28
41 11 27
41 11 27
41 11 27
41 11 3E
41 11 3F
41 11 39
41 11 26
41 11 37
41 11 36
41 11 44
41 11 25
41 11 38
41 11 48
41 11 4A
41 11 46
41 11 26
41 11 45
41 11 44
41 11 44
41 11 43
41 11 43
41 11 43
41 11 41
41 11 40
41 11 3F
41 11 42
41 11 37
41 11 36
41 11 35
41 11 39
41 11 3F
41 11 3B
41 11 38
41 11 37
41 11 36
41 11 2E
41 11 2B
41 11 2D
41 11 34
41 11 37
41 11 35
41 11 26
41 11 26
41 11 25
41 11 25
41 11 25
41 11 25
41 11 25
41 11 25
41 11 25
41 11 25
41 11 25
41 11 25
41 11 25
41 11 25
41 11 25
41 11 25
41 11 24
41 11 25
41 11 25
41 11 24
41 11 25
41 11 23
41 11 24
41 11 23
41 11 24
41 11 23
41 11 23
41 11 37
41 11 35
41 11 2B
41 11 2E
41 11 2D
41 11 23
41 11 22
41 11 24
41 11 28
41 11 40
41 11 3F
41 11 41
41 11 48
41 11 4A
41 11 4A
41 11 26
41 11 33
41 11 2B
41 11 26
41 11 25
41 11 33
41 11 32
41 11 32
41 11 24
41 11 23
41 11 2B
41 11 32
41 11 37
41 11 3B
41 11 3A
41 11 3A
41 11 3A
41 11 3A
41 11 39
41 11 36
41 11 35
41 11 32
41 11 2C
41 11 2B
41 11 2A
41 11 27
41 11 27
41 11 25
41 11 25
41 11 25
41 11 25
41 11 24
41 11 23
41 11 24
41 11 23
41 11 22
41 11 22
41 11 24
41 11 22
41 11 22
41 11 21
41 11 24
41 11 24
41 11 22
41 11 23
41 11 23
41 11 23
41 11 3B
41 11 33
41 11 34
41 11 45
41 11 24
41 11 37
41 11 39
41 11 24
41 11 2C
41 11 23
41 11 23
41 11 23
41 11 22
41 11 22
41 11 31
41 11 2F
41 11 23
41 11 22
41 11 22
41 11 22
41 11 23
41 11 24
41 11 24
41 11 24
41 11 24
41 11 31
41 11 2B
41 11 24
41 11 27
41 11 2A
41 11 25
41 11 24
41 11 24
41 11 21
41 11 21
41 11 21
41 11 2B
41 11 2B
41 11 2B
41 11 2A
41 11 28
41 11 29
41 11 29
41 11 29
41 11 29
41 11 21
41 11 21
41 11 21
41 11 2B
41 11 2B
41 11 2B
41 11 2A
41 11 2A
41 11 2B
41 11 2A
41 11 2B
41 11 2A
41 11 2A
41 11 2A
41 11 23
41 11 22
41 11 23
41 11 22
41 11 23
41 11 23
41 11 23
41 11 2B
41 11 25
41 11 2B
41 11 25
41 11 2E
41 11 25
41 11 2B
41 11 2D
41 11 24
41 11 23
41 11 23
41 11 22
41 11 2B
41 11 33
41 11 37
41 11 23
41 11 2B
41 11 2D
41 11 2B
41 11 28
41 11 25
41 11 24
41 11 2D
41 11 2D
41 11 25
41 11 22
41 11 28
41 11 28
41 11 2A
41 11 29
41 11 23
41 11 23
41 11 23
41 11 22
41 11 23
41 11 30
41 11 34
41 11 25
41 11 39
41 11 23
41 11 24
41 11 23
41 11 23
41 11 23
41 11 22
41 11 23
41 11 23
41 11 2B
41 11 2D
41 11 31
41 11 38
41 11 25
41 11 23
41 11 22
41 11 2A
41 11 2B
41 11 2D
41 11 26
41 11 23
41 11 23
41 11 23
41 11 23
41 11 22
41 11 32
41 11 38
41 11 33
41 11 34
41 11 2F
41 11 28
41 11 23
41 11 26
41 11 27
41 11 23
41 11 23
41 11 22
41 11 2B
41 11 2C
41 11 35
41 11 3A
41 11 34
41 11 21
41 11 23
41 11 22
41 11 22
41 11 22
41 11 23
41 11 22
41 11 22
41 11 23
41 11 23
41 11 24
41 11 2D
41 11 25
41 11 23
41 11 22
41 11 22
41 11 22
41 11 22
41 11 22
41 11 2C
41 11 2F
41 11 2B
41 11 23
41 11 23
41 11 24
41 11 24
41 11 24
41 11 24
41 11 44
41 11 2E
41 11 2B
41 11 23
41 11 23
41 11 24
41 11 24
41 11 24
41 11 24
41 11 3E
41 11 31
41 11 24
41 11 2B
41 11 25
41 11 2B
41 11 24
41 11 25
41 11 25
41 11 25
41 11 24
41 11 24
41 11 24
41 11 24
41 11 24
41 11 2B
41 11 2A
41 11 24
41 11 2B
41 11 2B
41 11 23
41 11 22
41 11 24
41 11 24
41 11 24
41 11 24
41 11 24
41 11 24
41 11 24
41 11 26
41 11 24
41 11 27
41 11 2B
41 11 24
41 11 23
41 11 25
41 11 30
41 11 2D
41 11 24
41 11 23
41 11 43
41 11 23
41 11 2C
41 11 29
41 11 23
41 11 24
41 11 24
41 11 28
41 11 2C
41 11 2F
41 11 31
41 11 2F
41 11 28
41 11 34
41 11 24
41 11 2B
41 11 27
41 11 22
41 11 23
41 11 22
41 11 21
41 11 22
41 11 22
41 11 23
41 11 2E
41 11 2B
41 11 22
41 11 23
41 11 21
41 11 22
41 11 22
41 11 23
41 11 23
41 11 25
41 11 24
41 11 24
41 11 24
41 11 24
41 11 24
41 11 24
41 11 24
41 11 24
41 11 40
41 11 28
41 11 2B
41 11 24
41 11 28
41 11 2A
41 11 2B
41 11 2A
41 11 25
41 11 22
41 11 23
41 11 23
41 11 23
41 11 24
41 11 27
41 11 24
41 11 27
41 11 2A
41 11 24
41 11 23
41 11 2B
41 11 23
41 11 24
41 11 23
41 11 24
41 11 2B
41 11 23
41 11 24
41 11 24
41 11 24
41 11 24
41 11 2B
41 11 24
41 11 24
41 11 24
41 11 23
41 11 22
41 11 20
41 11 21
41 11 2A
41 11 2B
41 11 2B
41 11 2B
41 11 2A
41 11 2A
41 11 2A
41 11 2A
41 11 2A
41 11 2A
41 11 2B
41 11 2A
41 11 2B
41 11 2B
41 11 2A
41 11 2A
41 11 23
41 11 23
41 11 23
41 11 2B
41 11 38
41 11 42
41 11 2B
41 11 2B
41 11 25
41 11 2B
41 11 24
41 11 25
41 11 2A
41 11 2B
41 11 25
41 11 2A
41 11 29
41 11 29
41 11 23
41 11 23
41 11 23
41 11 30
41 11 25
41 11 23
41 11 2A
41 11 2B
41 11 33
41 11 23
41 11 23
41 11 22
41 11 22
41 11 23
41 11 23
41 11 24
41 11 23
41 11 2C
41 11 23
41 11 23
41 11 22
41 11 24
41 11 24
41 11 24
41 11 24
41 11 24
41 11 40
41 11 2B
41 11 24
41 11 2B
41 11 2E
41 11 2E
41 11 31
41 11 2D
41 11 28
41 11 31
41 11 36
41 11 2B
41 11 23
41 11 23
41 11 21
41 11 22
41 11 23
41 11 23
41 11 23
41 11 23
41 11 2A
41 11 2E
41 11 2F
41 11 26
41 11 2B
41 11 22
41 11 22
41 11 2B
41 11 25
41 11 22
41 11 23
41 11 2B
41 11 22
41 11 23
41 11 22
41 11 23
41 11 2A
41 11 2D
41 11 37
41 11 25
41 11 3A
41 11 24
41 11 23
41 11 2E
41 11 2C
41 11 37
41 11 23
41 11 23
41 11 22
41 11 22
41 11 28
41 11 35
41 11 32
41 11 24
41 11 24
41 11 23
41 11 22
41 11 22
41 11 23
41 11 22
41 11 22
41 11 2D
41 11 31
41 11 3B
41 11 24
41 11 2F
41 11 2D
41 11 23
41 11 2D
41 11 25
41 11 23
41 11 23
41 11 22
41 11 21
41 11 22
41 11 22
41 11 22
41 11 23
41 11 2B
41 11 2B
41 11 2E
41 11 24
41 11 22
41 11 21
41 11 21
41 11 31
41 11 2B
41 11 26
41 11 25
41 11 2A
41 11 22
41 11 22
41 11 22
41 11 22
41 11 22
41 11 2A
41 11 2D
41 11 22
41 11 22
41 11 22
41 11 22
41 11 22
41 11 22
41 11 23
41 11 36
41 11 31
41 11 25
41 11 31
41 11 25
41 11 25
41 11 26
41 11 25
41 11 22
41 11 25
41 11 23
41 11 23
41 11 24
41 11 25
41 11 27
41 11 2B
41 11 25
41 11 25
41 11 25
41 11 25
41 11 25
41 11 24
41 11 24
41 11 22
41 11 22
41 11 22
41 11 2B
41 11 24
41 11 24
41 11 23
41 11 35
41 11 41
41 11 44
41 11 34
41 11 48
41 11 36
41 11 3F
41 11 54
41 11 6E
41 11 30
41 11 44
41 11 49
41 11 29
41 11 2E
41 11 2D
41 11 30
41 11 33
41 11 2F
41 11 28
41 11 28
41 11 28
41 11 27
41 11 27
41 11 27
41 11 27
41 11 27
41 11 26
41 11 27
41 11 26
41 11 23
41 11 22
41 11 24
41 11 44
41 11 30
41 11 3B
41 11 2E
41 11 26
41 11 26
41 11 26
41 11 26
41 11 26
41 11 26
41 11 25
41 11 36
41 11 3C
41 11 25
41 11 28
41 11 27
41 11 26
41 11 26
41 11 35
41 11 40
41 11 4B
41 11 27
41 11 2B
41 11 26
41 11 26
41 11 26
41 11 26
41 11 26
41 11 25
41 11 26
41 11 27
41 11 38
41 11 4E
41 11 77
41 11 76
41 11 9C
41 11 9E
41 11 9E
41 11 28
41 11 89
41 11 86
41 11 75
41 11 46
41 11 4A
41 11 49
41 11 46
41 11 3A
41 11 3B
41 11 3B
41 11 3D
41 11 3A
41 11 3B
41 11 3A
41 11 30
41 11 34
41 11 33
41 11 31
41 11 2E
41 11 31
41 11 36
41 11 36
41 11 36
41 11 35
41 11 33
41 11 35
41 11 33
41 11 3E
41 11 3C
41 11 34
41 11 57
41 11 A0
41 11 A1
41 11 98
41 11 8B
41 11 7E
41 11 6E
41 11 6A
41 11 5A
41 11 4D
41 11 3E
41 11 2B
41 11 2B
41 11 2B
41 11 3B
41 11 43
41 11 4A
41 11 4B
41 11 4F
41 11 4F
41 11 4F
41 11 34
41 11 44
41 11 4C
41 11 3D
41 11 2F
41 11 34
41 11 4B
41 11 2D
41 11 2C
41 11 2D
41 11 2B
41 11 2B
41 11 2B
41 11 2B
41 11 31
41 11 3F
41 11 3E
41 11 3A
41 11 3B
41 11 3B
41 11 3E
41 11 41
41 11 4A
41 11 4E
41 11 50
41 11 54
41 11 54
41 11 53
41 11 53
41 11 51
41 11 30
41 11 2D
41 11 39
41 11 4C
41 11 4F
41 11 4F
41 11 40
41 11 2D
41 11 2D
41 11 3D
41 11 51
41 11 58
41 11 55
41 11 3F
41 11 41
41 11 3B
41 11 41
41 11 40
41 11 45
41 11 42
41 11 39
41 11 42
41 11 42
41 11 42
41 11 3D
41 11 3E
41 11 40
41 11 44
41 11 3F
41 11 3A
41 11 32
41 11 2B
41 11 36
41 11 40
41 11 43
41 11 44
41 11 41
41 11 35
41 11 34
41 11 2B
41 11 2B
41 11 2B
41 11 32
41 11 3E
41 11 3F
41 11 33
41 11 2B
41 11 2B
41 11 36
41 11 3C
41 11 39
41 11 38
41 11 33
41 11 34
41 11 38
41 11 4D
41 11 2F
41 11 2D
41 11 2B
41 11 2B
41 11 3F
41 11 32
41 11 4E
41 11 50
41 11 94
41 11 8E
41 11 84
41 11 70
41 11 69
41 11 63
41 11 50
41 11 2F
41 11 2F
41 11 2E
41 11 2E
41 11 2D
41 11 2D
41 11 2C
41 11 2C
41 11 2C
41 11 2C
41 11 2C
41 11 2B
41 11 2C
41 11 2C
41 11 2B
41 11 2B
41 11 2B
41 11 2A
41 11 2B
41 11 2B
41 11 2A
41 11 29
41 11 29
41 11 2B
41 11 31
41 11 2B
41 11 2A
41 11 28
41 11 29
41 11 28
41 11 28
41 11 28
41 11 28
41 11 27
41 11 27
41 11 27
41 11 27
41 11 26
41 11 25
41 11 22
41 11 22
41 11 21
41 11 22
41 11 21
41 11 25
41 11 23
41 11 22
41 11 21
41 11 21
41 11 21
41 11 22
41 11 22
41 11 23
41 11 23
41 11 23
41 11 23
41 11 23
41 11 23
41 11 23
41 11 23
41 11 23
41 11 23
41 11 23
41 11 23
41 11 22
41 11 23
41 11 23
41 11 22
41 11 22
41 11 22
41 11 22
41 11 22
41 11 22
41 11 22
41 11 22
41 11 22
41 11 22
41 11 2A
41 11 29
41 11 26
41 11 25
41 11 2B
41 11 2E
41 11 3C
41 11 27
41 11 22
41 11 21
41 11 21
41 11 21
41 11 21
41 11 21
41 11 22
41 11 23
41 11 23
41 11 2A
41 11 24
41 11 22
41 11 2B
41 11 24
41 11 23
41 11 22
41 11 22
41 11 23
41 11 23
41 11 23
41 11 23
41 11 2B
41 11 30
41 11 36
41 11 24
41 11 2B
41 11 22
41 11 22
41 11 21
41 11 21
41 11 21
41 11 21
41 11 21
41 11 2B
41 11 2B
41 11 29
41 11 2C
41 11 33
41 11 24
41 11 23
41 11 21
41 11 22
41 11 22
41 11 22
41 11 22
41 11 23
41 11 23
41 11 22
41 11 21
41 11 21
41 11 21
41 11 21
41 11 21
41 11 22
41 11 22
41 11 26
41 11 23
41 11 21
41 11 23
41 11 22
41 11 2B
41 11 32
41 11 35
41 11 26
41 11 3F
41 11 3E
41 11 28
41 11 29
41 11 35
41 11 27
41 11 30
41 11 2C
41 11 2D
41 11 2B
41 11 29
41 11 29
41 11 23
41 11 24
41 11 23
41 11 23
41 11 23
41 11 2D
41 11 2C
41 11 3B
41 11 23
41 11 2A
41 11 33
41 11 35
41 11 2B
41 11 26
41 11 2B
41 11 2D
41 11 2D
41 11 2E
41 11 26
41 11 26
41 11 28
41 11 29
41 11 2B
41 11 2B
41 11 27
41 11 22
41 11 2B
41 11 2A
41 11 22
41 11 22
41 11 22
41 11 22
41 11 21
41 11 21
41 11 2E
41 11 22
41 11 22
41 11 23
41 11 22
41 11 34
41 11 42
41 11 47
41 11 26
41 11 23
41 11 23
41 11 23
41 11 22
41 11 22
41 11 22
41 11 26
41 11 27
41 11 23
41 11 23
41 11 22
41 11 3A
41 11 39
41 11 B1
41 11 25
41 11 24
41 11 24
41 11 23
41 11 23
41 11 22
41 11 21
41 11 21
41 11 21
41 11 3E
41 11 42
41 11 44
41 11 2B
41 11 44
41 11 27
41 11 30
41 11 24
41 11 24
41 11 24
41 11 23
41 11 23
41 11 23
41 11 2B
41 11 2B
41 11 23
41 11 23
41 11 21
41 11 20
41 11 21
41 11 21
41 11 21
41 11 21
41 11 22
41 11 22
41 11 21
41 11 21
41 11 21
41 11 21
41 11 21
41 11 21
41 11 21
41 11 21
41 11 21
41 11 21
41 11 21
41 11 21
41 11 22
41 11 22
41 11 22
41 11 22
41 11 21
41 11 22
41 11 22
41 11 22
