106
92
90
92
96
92
91
92
91
95
90
95
88
92
93
90
92
90
89
90
91
91
91
95
102
95
100
90
88
91
90
88
90
95
93
89
89
91
90
90
96
98
92
93
146
249
390
150
94
142
187
124
89
90
93
93
91
104
102
126
92
99
104
108
90
95
140
99
91
93
109
91
93
92
93
90
90
90
95
90
90
91
93
89
92
90
93
90
99
91
90
93
92
90
91
90
90
91
90
91
95
85
86
84
88
83
81
91
85
81
83
85
85
82
83
83
93
83
83
82
85
83
96
82
84
84
83
84
83
86
86
84
84
84
85
84
82
88
86
86
84
85
111
83
82
82
83
84
83
83
83
84
85
94
90
86
86
83
87
84
86
86
83
86
82
88
87
86
99
83
83
91
84
85
84
83
85
89
86
85
82
83
82
85
96
87
86
81
84
93
81
87
85
86
86
85
83
87
84
91
83
84
85
86
82
84
86
84
86
83
86
82
83
97
81
83
83
81
84
82
85
84
85
84
83
83
82
86
84
96
84
123
80
92
83
84
86
84
81
86
84
82
83
85
84
83
89
86
81
88
83
85
89
86
82
86
84
83
89
89
82
83
95
85
85
84
82
93
101
91
92
89
97
91
90
99
104
88
89
91
103
111
91
106
95
122
90
92
82
85
84
86
84
83
86
91
85
105
84
85
86
81
89
86
84
85
85
81
83
83
83
84
83
83
90
82
115
84
82
90
84
88
86
85
85
83
85
90
82
84
81
91
84
86
88
82
80
83
86
84
84
83
85
83
85
83
84
84
88
85
84
82
93
85
85
83
83
83
86
83
109
83
82
87
93
85
83
84
85
85
85
83
81
81
84
83
86
85
81
81
85
82
82
81
83
84
84
88
82
81
83
86
85
83
83
83
85
83
83
84
81
83
87
84
84
83
125
85
86
81
82
81
84
84
84
90
86
83
86
93
84
86
81
81
84
82
85
82
86
85
84
85
84
84
82
84
83
82
83
85
86
89
84
85
84
83
83
88
85
83
84
85
84
81
89
85
83
83
81
84
87
84
83
89
85
83
85
84
86
82
92
84
83
84
81
83
75
80
76
81
83
77
76
80
74
76
74
76
81
78
77
76
77
76
78
76
79
77
88
80
79
88
76
75
76
75
76
74
77
84
77
74
77
77
78
76
76
77
76
76
77
76
77
77
78
76
76
78
77
76
77
77
74
76
77
78
78
74
77
77
75
79
76
77
76
80
77
79
78
78
82
76
77
78
76
76
77
78
73
78
77
77
77
79
78
76
76
79
76
78
76
75
77
76
76
79
78
75
78
78
76
75
77
77
77
77
77
76
77
76
76
76
74
82
75
86
80
77
77
90
93
98
92
92
94
92
89
95
90
92
90
91
91
91
91
90
98
102
91
92
90
89
90
88
92
91
94
89
89
89
89
89
81
84
83
86
83
82
81
106
87
80
85
86
83
87
85
82
85
83
85
82
83
81
85
82
85
82
85
82
82
83
90
86
84
81
85
81
82
85
92
87
88
85
111
105
87
97
83
86
83
91
91
82
82
85
83
83
87
83
86
82
83
81
99
83
86
82
85
84
82
91
88
84
83
83
83
93
81
83
84
82
83
83
85
83
83
83
92
82
85
83
82
80
83
85
83
83
83
89
85
84
85
84
84
93
83
84
84
84
81
82
80
74
76
75
74
74
77
76
75
76
75
75
74
76
77
83
76
77
74
78
76
76
88
75
75
77
74
76
76
77
75
77
87
77
79
81
73
75
78
81
79
73
78
75
80
76
77
77
75
75
76
79
77
76
74
90
77
76
77
77
76
80
77
79
77
88
92
74
77
79
76
78
75
76
77
80
80
82
75
76
76
80
74
77
77
79
77
75
77
75
78
75
77
81
76
77
75
98
82
80
75
75
77
75
75
76
82
79
76
75
78
76
77
78
104
95
84
76
77
77
80
80
91
90
95
90
89
98
92
92
91
90
88
89
91
88
90
89
91
91
98
90
92
90
90
88
90
90
89
91
93
89
90
92
95
89
90
90
92
91
89
92
90
104
90
91
91
91
91
92
90
94
91
91
89
82
81
78
78
76
76
75
76
78
82
75
74
75
77
75
75
92
90
91
91
87
91
90
93
89
92
91
96
107
90
91
90
88
75
78
94
78
77
82
75
75
77
79
77
79
76
76
80
76
75
75
76
77
76
80
76
78
75
77
76
77
89
78
77
77
77
75
78
78
76
77
76
79
85
78
80
144
137
76
77
76
76
75
78
76
76
76
77
116
76
77
87
77
75
76
77
83
74
82
78
76
77
74
79
78
77
90
88
92
95
93
92
91
89
94
92
92
89
91
97
90
88
90
91
91
93
92
89
89
90
125
95
96
92
92
91
92
95
110
95
91
91
90
90
89
89
89
90
93
91
93
91
93
74
79
78
81
79
75
79
76
80
77
77
77
85
77
76
81
78
75
75
78
77
77
76
78
84
90
91
89
92
90
91
92
93
91
93
90
92
89
91
92
89
89
90
85
80
84
88
90
87
91
82
84
84
81
83
82
82
84
81
82
83
82
85
81
82
93
82
85
84
81
88
84
83
83
87
85
84
84
83
83
85
86
84
82
85
86
82
82
81
83
88
89
83
82
84
82
83
81
76
78
76
77
78
77
75
76
77
76
76
76
80
75
78
77
77
78
85
155
79
77
83
128
96
77
80
81
78
78
78
76
77
78
76
82
80
79
85
75
75
76
76
76
75
78
78
76
77
76
76
77
76
77
79
78
75
75
80
93
83
75
78
81
76
76
80
75
76
76
76
75
78
76
77
78
80
74
85
86
82
84
85
86
86
83
81
84
84
83
83
82
83
85
83
83
86
86
83
84
93
84
82
88
81
81
81
80
85
83
81
84
87
85
85
87
85
84
84
84
85
86
84
87
84
85
84
84
86
85
83
84
92
93
93
106
90
90
89
94
109
93
98
90
90
89
93
93
89
94
96
90
87
91
94
92
90
88
90
87
93
88
91
90
89
91
93
90
90
94
90
91
89
89
92
92
91
90
98
88
111
91
91
92
88
92
102
87
90
104
92
88
90
99
93
91
90
92
93
83
82
86
84
81
83
88
85
103
88
81
82
83
83
85
86
90
84
100
167
87
101
151
170
94
89
85
82
85
83
88
94
96
83
168
93
193
84
84
102
88
85
100
131
84
84
89
84
84
86
83
89
86
87
85
84
84
84
81
85
86
76
78
75
79
82
81
77
76
79
79
78
78
79
75
79
78
83
79
77
83
78
77
89
79
77
85
84
84
82
90
89
81
84
82
85
84
85
147
268
202
95
81
266
165
186
266
163
181
251
184
180
267
166
182
267
165
83
80
83
82
84
84
83
85
83
87
84
85
82
82
92
86
81
83
81
82
84
86
85
85
85
84
85
87
84
83
84
88
82
83
84
89
83
84
86
87
84
84
83
84
83
85
85
84
87
81
84
85
82
81
82
84
83
81
83
93
85
85
83
83
83
86
86
90
83
84
84
93
83
83
85
84
81
86
84
90
84
84
84
85
85
98
82
83
82
85
84
87
86
83
84
82
76
79
76
78
77
76
78
77
77
76
79
76
78
80
78
78
81
94
75
76
77
76
77
77
81
75
76
76
74
78
76
78
75
77
75
81
78
76
77
77
75
76
75
77
81
77
76
77
78
76
85
78
74
77
79
76
78
79
79
80
80
84
78
92
85
86
84
405
108
115
88
110
85
87
84
84
87
81
83
83
86
81
83
82
85
83
84
83
83
86
82
91
84
82
84
83
82
82
83
82
98
84
85
84
81
81
82
83
83
83
82
86
89
82
83
84
83
84
82
82
87
81
92
82
84
83
82
84
89
87
81
84
86
80
85
83
83
88
86
86
85
85
82
83
82
93
84
81
86
83
82
84
110
86
83
82
86
83
86
83
90
91
90
91
92
91
92
90
90
92
97
91
94
92
92
92
89
90
92
91
92
90
92
89
97
93
92
96
95
95
92
96
93
91
126
102
90
90
78
98
79
80
81
76
88
80
81
78
75
77
78
77
75
77
78
76
76
75
80
77
77
79
76
75
77
76
78
77
76
79
77
77
76
76
77
79
78
78
76
79
83
77
77
76
77
78
78
75
76
80
77
78
78
75
75
75
76
80
74
75
303
208
88
285
162
179
273
161
183
169
77
187
181
267
169
180
266
167
76
75
73
76
76
72
77
75
77
75
78
82
78
76
76
78
75
77
76
79
75
77
74
75
77
76
79
76
76
79
77
82
78
75
95
79
76
77
77
78
82
76
78
79
76
88
83
87
93
84
83
88
83
82
91
84
85
82
83
88
88
104
85
85
83
83
82
82
84
84
85
82
85
86
83
83
83
85
83
84
82
85
86
87
84
86
83
88
85
82
84
84
83
81
85
83
82
81
81
88
85
83
82
89
81
85
82
81
83
84
81
85
79
75
78
77
76
80
76
79
83
81
82
79
78
78
77
74
78
77
76
74
77
77
79
78
79
73
76
76
82
73
77
77
78
79
76
75
79
76
74
76
75
77
77
81
82
81
83
77
74
75
77
78
75
76
79
76
76
76
77
79
74
80
76
77
76
83
81
82
81
83
83
83
86
83
83
95
84
85
82
84
83
88
89
86
82
83
82
82
86
84
83
85
84
82
82
86
82
82
83
84
84
85
82
84
83
86
84
84
82
88
85
86
87
86
83
84
85
92
89
86
86
87
84
87
83
82
85
89
83
89
85
84
86
85
85
86
86
86
83
81
83
81
84
84
86
83
85
109
88
83
82
83
84
85
81
83
82
81
81
84
84
83
93
84
87
81
81
92
88
84
86
86
83
86
84
84
82
89
84
84
88
84
83
83
83
83
82
83
85
84
84
83
96
84
82
86
85
108
88
84
84
85
83
82
80
86
84
82
82
84
83
83
83
83
86
83
78
76
76
75
77
75
76
82
77
79
76
75
76
74
75
82
90
77
76
74
74
79
79
74
75
80
75
76
76
75
75
75
74
79
76
87
76
86
81
76
75
76
75
77
108
77
80
84
85
84
86
84
84
88
88
82
84
84
91
89
88
85
84
84
87
91
83
84
83
84
156
89
105
102
75
79
83
76
77
82
78
75
81
83
77
74
75
75
80
83
78
79
76
76
75
78
83
78
75
78
74
76
80
77
77
78
76
74
79
78
77
76
82
76
77
76
80
79
94
91
115
90
91
92
91
89
98
103
89
88
92
92
94
90
89
91
93
88
91
91
91
92
90
92
90
94
89
91
90
91
93
89
93
88
103
97
92
92
95
91
91
94
92
92
91
91
99
89
90
95
92
88
89
93
89
89
82
84
82
81
83
96
82
84
82
81
82
383
82
84
82
85
83
83
85
83
83
82
85
86
85
82
90
83
82
80
87
83
83
82
84
86
81
88
82
85
83
82
85
87
85
130
76
86
78
78
81
77
76
75
76
76
77
75
86
76
77
75
77
75
76
74
75
77
75
73
77
79
76
91
78
79
83
77
75
76
78
74
75
77
77
76
76
78
79
78
74
77
81
76
76
74
80
75
77
76
75
76
76
78
76
76
76
79
78
76
75
76
76
77
77
74
75
76
76
78
76
75
80
91
89
89
92
93
92
89
92
90
91
92
89
91
89
98
90
97
91
92
88
95
90
92
89
89
90
90
91
93
91
80
79
81
79
144
79
90
78
76
75
75
144
79
77
76
76
77
77
78
77
74
75
76
76
75
74
81
74
85
78
74
74
81
77
75
75
78
77
74
75
84
74
75
75
81
76
75
74
86
76
74
79
75
90
75
76
74
75
76
76
84
75
79
75
75
79
77
80
74
77
78
75
76
77
77
77
75
382
89
81
84
87
89
83
83
84
87
83
82
84
83
84
84
87
85
85
83
84
86
92
83
84
83
82
82
90
82
89
87
81
84
82
84
82
84
83
89
85
84
84
84
84
83
84
91
83
82
82
84
85
84
83
81
85
82
86
83
83
84
86
85
86
84
86
82
88
82
82
81
76
74
77
73
78
75
75
75
83
77
78
75
77
76
80
73
77
76
76
74
83
76
76
78
76
73
76
77
76
78
74
77
84
74
79
77
75
75
89
73
75
77
76
77
75
74
79
76
80
74
82
82
83
85
86
84
82
83
84
82
83
83
83
84
85
81
82
82
82
86
84
84
84
83
83
83
82
83
82
83
87
82
83
82
82
96
82
81
83
82
84
84
84
84
83
83
91
84
85
83
83
85
91
85
86
84
81
83
85
84
82
83
83
83
84
83
82
82
85
84
84
85
83
81
89
84
84
83
83
82
83
85
83
85
82
96
84
84
83
83
84
85
84
85
83
81
84
86
82
83
84
84
81
82
87
87
87
82
92
83
83
84
82
82
83
84
82
85
84
84
89
84
90
84
81
83
81
85
84
85
84
85
87
90
86
83
83
81
81
83
84
82
85
85
90
84
82
86
99
84
84
83
83
80
84
84
85
84
85
83
84
85
81
81
81
81
86
81
82
86
99
76
77
77
75
76
77
76
78
80
79
77
77
83
75
76
77
77
80
78
74
80
75
75
76
79
77
