2549
2249
1101
940
988
2688
1005
831
969
2314
1105
900
2304
2278
1296
944
864
643
634
2203
2658
1078
711
1098
2245
1005
546
713
801
512
395
912
718
544
2100
3161
1946
2105
2196
2004
856
1027
1836
1177
1293
1269
2915
2256
1991
3496
2464
1215
950
1363
1782
622
613
2763
1601
947
1643
2158
909
612
2585
2147
2515
2523
2863
2098
1919
2118
2082
1674
1093
1803
2677
1805
1986
3278
1612
1353
1103
868
684
975
763
2743
1973
1133
614
897
774
818
3076
1587
1149
1068
1069
987
631
658
777
815
603
3176
2876
2726
3433
3746
2755
2596
2813
2282
869
883
2458
3626
1992
1653
2786
2516
2114
2210
2907
1642
1609
1686
2319
1348
1525
1854
1681
1120
653
2468
1652
951
2337
2813
1186
1012
855
687
716
659
1844
2298
1051
691
832
711
729
1646
2638
2037
1348
1257
1231
808
653
1002
3844
2460
1934
4725
5033
2652
3460
1747
1006
689
1926
1832
997
468
2791
1907
1548
1435
2270
2003
1314
2239
1586
1184
1228
1897
2027
1266
1186
1405
1069
778
1800
2525
1528
797
3416
1811
1169
960
732
836
724
569
2494
1573
1326
1005
1021
775
567
2140
805
726
1002
1763
1497
1309
1704
2122
1451
1149
1269
1141
1563
2289
2982
1006
717
556
2018
1213
710
1990
2344
1692
1900
2145
1988
1796
1876
2900
1622
1215
1369
2601
1559
1580
2371
2307
1261
1059
1046
942
2030
2782
1214
881
895
2274
1142
731
769
767
618
461
1017
790
645
1337
2707
1961
1849
1993
1891
1198
1086
1917
1864
694
785
2730
1984
1551
3012
1883
1369
1218
2563
2332
811
585
2622
1788
1224
965
1253
926
963
2404
1393
1423
1403
1819
2025
924
678
2242
1297
748
1598
2664
2153
1899
3484
1727
1291
1311
1315
1002
789
373
2770
1486
773
584
1013
873
892
2936
2074
1278
997
1039
956
738
731
878
762
487
2193
3112
3047
2841
3749
1970
1636
1045
1007
702
565
1881
2463
1809
1676
2689
2074
2064
2252
3024
1664
1670
1632
2458
2477
1846
1844
1888
1137
676
2557
1935
979
2148
2641
1158
981
759
730
850
792
1745
2291
1201
754
859
837
622
1172
2681
1592
1239
1576
1470
945
494
1483
1323
1547
1827
3870
4040
3859
4341
3601
1441
939
1502
1337
1131
668
2642
2192
1426
922
2422
1378
1318
2405
1312
899
1047
1727
1716
1196
964
1310
1104
975
1593
2415
1267
975
3111
1544
1041
770
661
610
615
584
2949
1371
1219
977
831
613
452
2093
742
810
806
1596
1173
605
1210
2050
1361
1084
1552
1342
1296
1897
3250
1118
949
849
2321
1389
1256
2034
2560
1672
1713
1929
1517
1265
1325
2435
1221
946
985
2505
1503
1213
2072
2485
1557
1000
1020
873
603
1932
2772
1189
806
555
2270
1156
697
887
926
740
545
912
733
518
1033
3298
1641
1626
2105
2001
1001
428
1951
1428
1032
967
3245
2889
3025
4125
2995
976
855
1355
2518
1279
843
2584
1883
1237
760
2719
1444
1184
2408
1743
1927
1986
2612
2592
1678
1470
2069
1700
1540
1279
2725
1519
1322
3063
1642
1215
997
950
809
740
579
2696
2131
1832
889
975
725
1225
3164
1765
1078
887
916
809
589
727
1270
922
771
2512
4457
4072
3567
4195
3417
3161
2959
3075
2186
1565
1888
4076
3903
2772
3233
3067
2281
3030
3433
2432
2255
2563
3241
2353
2069
2027
1955
1797
1600
2600
2088
988
1772
2792
1363
1262
1161
1059
873
779
1600
2397
1430
1013
1198
944
578
808
2918
2197
1629
1601
1578
800
680
1704
2747
1991
2975
4816
5231
4460
4003
2866
1171
815
1604
1967
1529
459
2560
2591
2157
1864
2649
2043
1841
2322
2010
1315
1422
1908
2260
1692
1170
1590
1168
957
1533
2581
1651
1131
3091
2016
1412
1335
1033
809
759
559
2374
1889
1487
1396
1050
843
662
2153
990
812
953
1610
1334
1047
1044
2621
1457
1194
1449
1413
1554
2088
3178
1016
797
567
2039
1541
789
1326
2500
1501
2423
2513
2484
2572
2611
3149
2289
1926
2023
2935
2110
2108
2353
2920
1647
1427
1400
1224
1075
1815
2893
1246
1001
861
2404
1403
870
908
992
670
591
902
848
609
841
3166
2138
1395
1651
1785
1465
1089
1789
1600
946
753
2648
2372
1855
2410
2899
1754
1742
2618
1419
1265
780
2293
2334
1866
924
1503
1527
1230
2124
2400
1451
1512
1794
2095
1095
795
2208
1658
877
1374
3187
2724
2372
3282
2287
1509
1491
1450
1453
797
405
2390
1900
889
849
1141
1155
917
2528
2159
1044
840
1068
971
758
564
1483
1115
708
2103
2944
2837
3451
3638
2030
1901
1236
1313
1082
1264
1225
2393
2466
2580
2784
2482
2675
2623
3213
2108
1971
2157
2663
2269
2275
2273
1815
950
1001
2380
2260
1364
1757
3047
1255
1085
849
819
862
896
1232
2445
1188
723
864
961
822
748
2885
1705
1268
1336
1746
1484
548
1388
2390
1441
1101
3566
4123
3694
3225
3193
1910
1396
1386
1744
1655
842
2262
2136
1502
1388
2112
1784
1346
1302
1994
1159
1632
2032
2100
1354
1199
1571
1239
1379
1262
2983
1615
1278
2963
2065
1446
1069
883
916
848
755
2512
1792
1326
1457
1650
975
1019
1913
1200
685
1332
1691
1652
1207
887
2486
1737
1535
1760
1842
1686
2113
3268
1300
1137
958
2401
2078
1296
1912
2885
2033
1929
2302
2648
2903
2839
1907
1375
1672
1488
2469
1874
1631
1895
2779
1847
1415
1625
1135
1175
1114
1975
2015
1350
1100
2671
1739
1006
1003
838
835
884
1114
1031
877
802
3207
2789
2237
2296
2266
2335
1582
765
1599
1975
1362
2648
