1471.216488
1408.483797
1191.272231
591.281658
1541.415428
838.997992
1163.542076
474.119206
1457.697334
738.364609
1225.518676
1578.595763
698.759389
1146.266039
742.316883
537.203902
1390.692676
845.347023
1529.852454
531.239189
1656.19633
1238.040353
1089.022891
832.50147
1476.850103
465.921575
884.823378
1038.478879
1554.403533
1200.678695
1530.971574
1569.854537
1345.985271
1369.08499
686.983538
552.098768
1281.426027
1625.777473
1361.043214
1087.085718
492.575185
992.58773
1100.398079
749.291616
755.855043
1124.530247
1014.607103
831.743098
944.525245
720.696653
1043.488689
1589.414431
725.880946
945.666413
585.99891
1449.65784
941.74379
1305.524364
756.042451
1419.631664
1377.133228
1594.254702
1312.847301
488.846812
1103.879744
973.98996
1297.167075
1149.207151
1266.842492
1284.98942
1237.176685
620.353693
1247.39778
841.214564
1463.536222
1645.994241
1537.675651
974.727804
1200.089864
698.329835
1383.920934
980.843811
996.375404
1604.527495
697.575645
1298.448133
1534.747845
1053.329268
730.86985
781.056534
1446.77945
1429.279133
811.234765
1496.747177
1306.924404
825.209322
671.361852
1171.674324
1408.013189
593.399396
1441.942601
924.18075
943.866849
1190.950256
1565.711816
536.643202
631.851285
771.828735
850.273964
1096.002186
693.062671
1267.515713
1483.239047
912.661491
910.452141
711.704917
1644.635256
611.893769
1351.932877
927.268974
1464.73327
1542.396559
1106.984694
1683.04647
558.867088
1196.350086
1626.344635
1211.71214
904.415203
1231.500116
1317.214684
1455.133698
988.330207
499.925493
1620.049205
1592.167756
1294.113823
1037.519795
1445.861802
1131.495478
652.5341
1564.057845
955.326426
952.31423
505.430241
1370.682321
1436.304425
863.244201
1630.095817
1348.756462
1142.251804
1023.035096
856.897452
1008.072567
724.737497
1025.715435
925.140593
545.004292
977.521043
1514.300713
977.191465
1540.683287
1017.821912
1037.814401
1075.462302
884.846946
1180.810891
681.008562
1679.126129
1633.063918
589.177227
1323.382009
1601.52176
895.881531
471.936845
1555.226526
1583.76181
961.603991
886.727858
782.88841
555.433701
1351.472533
1610.16149
705.429634
1600.15175
854.216354
493.602313
609.141965
945.923764
1103.139998
1613.322319
1252.717022
1650.980865
623.601575
965.178409
880.202445
1202.922637
1426.374134
1303.953261
847.15913
1343.74589
1554.478419
631.64107
489.447047
845.845761
1218.566751
1235.660703
1104.408132
897.8628
557.903444
688.64093
1467.592653
1207.76899
652.524217
674.798661
577.33219
553.898712
1654.361033
1653.066291
1670.51567
1128.763821
1431.860256
1425.123487
1584.952015
496.629335
1525.204152
1097.244851
853.064922
619.953411
483.987534
1530.640096
1442.614681
958.456846
1494.913401
995.419742
1369.573464
704.252733
683.260106
660.5869
1065.172403
572.364955
703.044661
942.409027
879.550512
812.865928
491.924013
1620.034379
741.140742
1022.580834
790.486566
759.234451
1402.174302
1225.97598
1398.959872
861.771935
1260.9367
860.565764
1499.758234
1329.615477
1076.951675
699.106832
1409.182107
897.993186
1195.712979
768.631792
1293.026635
586.779709
562.004351
1523.558924
919.609616
1651.249241
1193.594482
1028.522358
1436.225356
962.423184
1676.943388

