2
1
1
1
-4
-2
0
4
2
-2
-3
-7
5
2
-6
-1
2
3
3
0
0
2
0
-1
-3
-3
2
2
3
0
-2
7
1
0
-6
-2
2
5
-3
-2
0
-2
-2
-2
3
-2
1
0
2
-1
-2
1
-1
0
1
3
-9
2
11
6
-1
-7
4
0
-9
2
7
1
5
0
-2
0
1
9
-2
-4
0
-1
-3
0
0
9
0
-4
-6
-1
1
-3
7
0
1
0
0
3
3
6
-4
0
-3
-1
0
-2
9
-2
-6
-2
2
4
-3
-9
-11
4
3
6
-2
-2
-2
0
2
0
0
-3
0
-3
10
-5
6
0
-11
7
-2
0
11
-7
1
-4
-2
1
1
0
0
0
0
-1
0
1
2
0
-4
-13
6
1
-10
-19
0
-18
-19
-6
-28
9
-9
-14
9
-5
3
1
0
10
10
1
-8
13
-2
9
3
-14
12
-1
0
0
-9
4
-2
3
0
0
3
10
-8
3
-1
-2
7
0
11
-3
-4
12
-7
4
-2
-1
4
-9
7
2
7
-1
-3
-1
4
1
0
0
4
5
-1
0
1
5
-2
0
-1
1
0
1
3
-4
1
3
-3
-3
4
-3
0
3
0
-1
-5
3
0
0
3
0
4
-2
-2
2
-2
0
0
3
-1
-5
1
1
3
-1
2
-1
-1
0
-1
1
2
1
-3
0
0
2
1
-1
0
-7
0
0
5
0
0
-1
-3
3
-9
-3
19
-6
-10
6
11
4
2
-14
-1
-9
-15
-11
2
-11
-16
11
-6
19
-4
-13
10
16
-1
-9
17
19
3
-3
0
1
12
0
3
2
-17
14
-18
2
4
-20
6
-3
1
3
-4
6
-2
-3
11
-6
-2
2
5
-4
-2
14
-8
10
4
-4
7
-2
9
0
-8
8
0
0
1
0
-3
-13
4
5
9
-5
1
3
5
-3
-3
-8
0
0
-4
6
0
6
-13
-2
-4
0
-3
5
0
9
-5
-5
2
0
0
-6
2
1
0
-1
0
-2
0
2
0
0
1
1
0
0
-1
0
-4
-2
0
0
1
0
0
0
4
-9
-2
-4
1
4
-13
-12
-9
6
5
9
-5
-1
-6
1
6
5
-3
-2
2
-6
0
4
1
-6
-13
-10
-2
-8
0
-1
0
-4
5
4
5
3
-7
-2
0
-6
-3
0
5
2
-3
-7
7
0
-4
-6
0
6
-2
2
3
-5
-3
0
0
0
0
0
0
0
0
0
0
0
0
0
0
0
0
0
0
0
0
0
0
0
0
0
0
0
0
0
0
