58
54
47
46
39
37
46
55
60
74
91
104
118
145
146
130
109
93
79
92
171
196
150
132
99
85
154
213
159
125
103
106
149
133
89
72
69
92
71
74
80
132
156
148
132
99
111
147
144
145
155
174
165
119
77
60
105
106
95
93
106
115
139
171
264
225
312
233
118
158
160
247
291
294
143
171
144
265
317
247
133
135
132
230
240
158
103
113
116
86
88
69
50
53
40
72
153
134
146
155
110
83
58
71
103
103
81
92
92
122
228
297
267
157
153
119
162
251
291
269
172
156
157
213
204
147
134
147
151
165
182
182
151
154
147
143
120
123
146
149
140
157
160
167
165
143
129
136
165
148
137
121
123
128
135
137
119
114
119
110
123
125
113
110
108
117
133
178
208
209
169
108
88
135
192
213
211
173
119
62
95
173
187
154
115
88
77
127
190
197
132
106
92
111
137
188
153
115
89
72
93
133
143
134
104
81
62
84
107
102
68
61
56
58
80
135
209
222
289
254
192
147
111
109
101
93
84
92
85
70
56
53
43
40
34
36
34
30
38
46
52
45
44
38
38
40
48
66
86
74
54
55
53
57
64
60
63
57
59
59
60
57
57
155
230
199
122
118
220
292
343
165
109
213
277
242
145
211
132
164
180
196
192
208
226
238
236
225
238
305
348
357
331
206
156
207
252
303
297
253
227
214
246
275
309
402
409
396
406
272
334
412
547
548
349
309
484
580
575
341
289
353
358
169
225
269
204
152
137
170
181
205
236
251
272
301
297
315
286
272
284
300
221
198
214
227
193
195
191
243
341
323
306
143
174
212
176
216
247
188
176
160
197
236
189
148
176
237
214
162
167
159
101
99
123
133
121
116
116
125
138
161
188
194
205
216
250
269
211
152
203
185
169
172
169
178
179
179
238
292
265
182
163
183
245
263
248
205
146
143
160
236
262
203
127
120
142
186
246
220
131
114
116
127
190
188
133
103
122
118
158
188
166
115
119
109
126
171
185
137
100
101
94
139
174
124
114
107
101
81
112
159
227
240
285
261
214
198
175
148
140
128
121
132
168
153
121
111
96
84
108
137
139
117
102
100
104
126
156
136
111
103
92
99
120
138
113
94
84
83
93
128
141
108
103
98
82
110
146
133
96
80
74
82
103
113
93
82
65
52
51
45
43
47
63
45
53
40
44
37
35
35
28
28
37
29
33
28
27
37
37
36
36
36
28
33
30
38
36
27
26
25
25
24
26
48
71
70
55
46
38
36
44
54
59
63
58
48
37
30
32
29
72
230
288
328
287
326
366
351
344
353
354
360
337
375
420
367
228
284
300
333
367
354
395
458
399
385
319
475
523
399
406
323
301
532
511
403
351
326
561
506
349
313
486
409
268
221
188
272
386
407
321
301
318
364
404
399
418
372
282
266
298
359
263
189
241
229
221
232
225
243
260
297
279
284
352
354
319
303
363
275
302
342
204
242
266
284
289
156
181
249
265
192
248
247
124
132
186
183
161
181
190
306
338
285
257
171
233
328
207
154
93
216
264
198
149
282
363
270
239
154
277
278
293
201
137
220
251
178
197
201
160
147
184
233
241
163
149
177
243
226
168
131
167
156
157
147
150
176
241
283
268
218
129
190
232
257
214
162
151
154
185
171
188
172
175
151
128
132
151
172
155
145
146
158
157
165
182
180
190
185
174
150
143
125
127
138
169
188
139
110
133
127
160
154
139
105
100
115
118
145
141
112
93
88
107
127
133
109
97
89
81
93
97
71
62
62
66
56
48
49
86
92
80
83
89
79
70
76
71
69
68
65
64
57
61
56
59
55
52
46
40
45
40
35
38
52
61
53
55
51
43
44
52
59
60
76
84
108
130
143
135
139
137
146
192
219
191
119
104
156
224
273
209
135
110
119
179
179
151
145
149
152
113
111
97
86
123
122
112
119
117
123
155
206
201
154
128
171
236
252
150
132
168
195
179
168
137
168
254
201
238
311
140
162
176
267
283
218
112
146
209
255
214
104
139
177
187
141
111
93
107
107
118
182
264
318
237
99
169
226
289
239
142
172
137
107
102
89
124
177
226
152
133
174
186
187
133
149
138
153
150
129
108
110
150
186
169
135
96
96
149
160
122
72
73
72
1
1
1
1
1
1
1
1
1
1
1
1
1
1
1
1
1
1
1
1
1
1
1
1
1
1
1
1
1
1
1
1
1
1
1
1
1
1
1
1
1
1
1
1
1
1
1
1
1
1
1
1
1
1
1
1
1
1
1
1
