602
499
524
626
603
508
625
665
620
463
686
686
598
640
652
673
741
742
588
699
744
606
915
758
765
624
665
554
828
582
728
673
611
582
570
535
583
592
536
731
549
455
575
497
696
513
596
668
667
826
756
1047
1406
1422
1355
1162
755
770
839
1385
2345
2377
1786
2250
1906
1580
1334
1391
1946
1905
1370
1040
564
454
649
1266
1908
2551
2272
2057
1987
2169
1694
1537
1752
1870
1893
1564
924
529
542
873
1237
1295
1141
891
411
249
683
1178
1526
1572
1909
1883
1616
1601
1889
1721
1931
1552
1490
1339
1414
1188
1179
830
1208
1025
1246
1153
1145
1002
781
846
1162
1514
1825
1708
1556
1324
1064
979
1322
1399
1279
1229
892
773
579
576
1636
1849
1996
1781
1869
1638
1802
1255
1165
1278
1546
1597
1713
1710
1663
1720
1675
1574
1754
1722
1843
1604
1633
1470
1822
2092
1937
2016
1955
1925
1906
1819
1734
1447
1487
1326
1349
1282
1128
1131
870
1275
1251
1473
1250
1352
1125
1158
981
1817
2173
2366
2282
1809
1177
1092
1071
1157
1772
2334
2318
1915
1408
1283
1213
1318
1963
1786
1725
1858
1462
889
842
1038
1782
1842
1577
1580
1554
1320
1335
1535
1599
1757
1888
1603
1415
1472
1502
1747
1958
2099
2191
2269
2598
1852
1746
1761
1757
1820
1328
1213
1217
993
748
800
983
1165
928
944
986
1164
927
828
908
1409
1416
1693
1831
1445
1001
804
1029
1710
2133
2010
2069
2054
2076
2168
2022
2290
2023
1951
2078
1705
1211
834
842
1262
1470
1362
1494
1571
1685
1611
1499
1340
1530
1423
1303
1440
1329
1235
1517
1743
1857
2137
2123
1945
1882
1788
1370
1491
1433
1408
1327
1041
1171
843
953
1493
2037
2506
2507
1602
1152
961
957
1174
2006
2331
2109
2250
1767
1183
847
943
1178
1613
1703
1812
1779
1690
1766
1890
1734
1818
2436
2123
2215
1581
1462
1454
1812
2465
2448
2544
2396
2197
2175
2260
1952
2136
1881
2266
2057
1963
1221
876
1135
1829
2322
2198
1963
1834
2229
2122
1801
1642
1434
1312
1142
947
948
727
559
1125
1030
1072
1101
1029
851
842
877
1397
1858
1923
1603
1450
1026
763
660
895
1344
1646
1420
1224
975
683
1070
1890
1841
1485
1549
989
897
985
798
695
1041
1509
1438
1626
1796
1486
1718
1566
1461
1404
1662
1561
1636
1460
1665
1626
2264
2109
2020
1952
1822
1575
1372
1571
1300
1305
1512
1138
1286
1045
1110
893
1349
1473
1644
1592
1362
1284
1187
1401
1816
2477
2243
1945
1620
963
895
1089
1471
1965
2098
1849
1604
1204
918
1281
1595
1799
1900
1912
1844
1346
1067
971
1022
1672
1492
1575
1591
1758
1695
1447
1385
1535
1528
1417
1427
1439
1385
1476
1872
1966
2212
2161
2244
2136
1701
1363
1588
1578
1240
1189
1114
1243
1121
912
1095
1218
1261
1023
857
865
820
845
775
1076
1656
1541
1638
1336
1348
1141
960
1187
1905
2008
2175
2214
2224
2049
2168
2179
2045
2013
2050
1808
1985
1681
1521
1436
1620
1769
1895
1536
1407
1291
1042
1285
1665
2175
1918
1593
1300
896
805
997
1517
2053
1911
2034
1978
2056
2144
2031
1829
1974
1716
1730
1934
1823
1818
1763
1870
1877
2133
1906
1689
1761
1537
1443
1568
1378
1349
1313
1072
1356
987
877
873
905
1097
951
826
726
710
765
866
1182
1289
1188
1098
1203
999
883
874
618
687
859
749
885
1050
839
793
793
938
896
859
756
830
736
503
823
1010
891
1038
1083
985
791
651
629
901
749
1007
754
837
684
761
929
1632
1705
1829
1514
1329
956
714
772
1915
2399
2482
2435
2332
2223
2098
1746
1815
2475
2248
1937
1176
939
652
684
1771
2628
2523
2308
2463
2273
2010
1812
1907
2149
2503
2272
1649
1558
758
696
985
1757
1813
2025
1337
686
496
655
1553
1892
2012
2156
2107
1983
2146
2084
1752
1582
1844
1604
1181
1244
1126
1004
656
1058
943
1072
884
761
592
554
512
1344
1829
2101
1929
1760
1483
1058
863
1214
1589
1420
1279
1152
1029
935
1060
1560
1926
2280
2179
1854
1776
1467
1543
1129
1358
1547
1681
1714
1640
1666
1980
2005
1692
1764
1910
1553
1843
1459
1809
1912
2126
2285
2232
2072
2019
1573
1630
2007
1656
1587
1626
1670
1522
1519
1375
1269
1431
1409
1661
1579
1361
1116
1042
1068
2020
2556
2331
1961
1684
1198
940
750
1328
2134
2218
1966
1762
1140
743
716
1283
1791
1834
1786
1799
1330
1127
1055
1074
1345
1813
1578
1564
1428
1736
1599
1550
1594
1581
1557
1625
1661
1748
1605
1738
2017
2226
2013
2517
1869
1804
1805
1801
1781
1797
1506
1575
1232
1079
1032
729
997
1160
1198
1037
1036
935
788
705
1103
1538
1892
1802
1861
1630
1200
1075
1172
1945
2102
2178
1980
2296
2593
2394
2154
2489
2205
2336
2182
2096
1389
1569
1338
1275
1724
1977
1713
1627
1537
1544
1493
1384
1657
1493
1569
1626
1563
1399
1703
2028
2173
2315
2290
2132
1972
1772
1780
1788
1623
1421
1765
1569
1624
1509
1676
1612
2222
2691
2736
2315
1503
1195
1050
1358
2331
2566
2682
2490
2036
1194
1003
903
1773
1981
2185
2142
2128
2006
2060
2223
2554
2310
2456
2427
2265
1765
1616
1458
2163
2596
2492
2524
2448
2336
2365
2286
2519
2266
2225
2263
2147
1843
1404
1115
1065
1774
2306
2406
2252
2418
2598
1848
1921
1785
1667
1632
1370
1206
1004
1031
841
1251
1093
1271
1064
915
870
722
765
1416
1964
2023
1719
1721
1241
905
826
1049
1567
1666
1606
1600
1365
1012
1311
2229
2170
1754
1600
1146
1000
958
979
874
1265
