1116
1360
2781
1667
1760
1178
1126
830
750
1072
809
1173
1447
2020
1562
1268
1620
2076
1063
1179
1199
894
907
1091
3208
1943
1863
1770
2286
1717
1593
2171
3100
2790
2663
2519
2179
1971
2154
2946
1865
1799
1774
2565
1853
1793
2608
2765
2008
2154
2008
1523
1375
2456
3526
1496
1283
938
1744
1189
827
1427
1261
1003
990
2696
1632
1230
2375
3414
1314
865
890
1011
657
621
2275
2078
1017
874
3681
2385
1487
2894
1836
1093
871
2122
2029
1502
963
2967
1803
1044
1471
3080
1514
971
2214
2170
1197
714
1460
1588
860
666
1991
1412
1090
1752
3591
1903
979
2964
1427
1119
962
1439
1105
847
1009
3671
1814
994
791
1424
1157
1057
3446
2245
1007
639
882
770
692
1171
1792
1031
781
2648
3159
1623
1836
2900
1234
939
720
1726
1236
1025
1749
2654
1447
774
2097
1723
1128
968
2136
935
638
549
2042
1170
751
1236
1278
865
565
2539
2005
890
2166
2808
953
784
583
589
607
531
1728
2093
1003
529
2697
1763
1103
1359
3431
1403
804
893
1168
734
654
1403
1205
725
683
3238
2012
953
3306
2708
1345
957
2575
2504
1221
730
3272
1849
1152
1000
2104
1123
695
2057
1941
1171
703
1174
1695
1056
785
1798
1543
1370
1783
3481
1840
2067
3564
1397
949
735
1115
937
742
752
3663
2025
1058
929
1220
985
1006
3218
2052
1067
751
1162
828
743
1217
2505
1145
746
2143
1775
1116
1187
3234
1229
992
644
2161
1478
865
1930
2616
1475
899
1485
1239
924
659
2242
1082
569
493
1795
899
683
1891
2146
1156
663
867
581
415
2153
2987
1115
795
590
2251
1073
625
809
1065
674
469
2499
1701
1050
1189
3685
1606
887
785
918
690
531
2557
2313
1062
681
3566
2321
1512
2954
2392
1187
858
1952
2212
1346
846
3019
2206
1143
973
2654
1620
1047
2077
1862
1318
770
1296
1555
852
560
2485
1606
684
1247
3624
1787
1001
3119
1544
1285
908
1168
969
877
595
3383
2039
1259
763
1196
1018
958
3574
2296
1078
682
840
907
665
944
2179
1462
893
2594
3700
1875
1239
3288
1312
1073
826
2008
1429
1100
1725
2897
1526
826
2191
1938
1070
885
2280
877
612
623
1977
1312
928
1262
1390
793
492
2476
2032
814
1950
2652
1147
801
562
635
653
544
1560
2230
1131
590
2565
2110
1278
622
3542
1548
885
794
1188
862
663
1541
1377
884
745
3302
2277
1238
2486
3265
1538
957
2096
2467
1563
987
2751
2139
1263
868
2694
1596
894
1979
1871
1140
682
1204
1402
792
659
1598
1450
1226
1797
3394
2069
2127
3514
1505
948
674
1066
1059
760
677
3158
2191
1405
857
1410
867
905
2698
2210
1065
719
961
883
746
970
2690
1465
968
2144
2492
1123
744
3451
1406
1095
707
2295
1487
955
1839
2777
1517
823
1605
1357
695
593
2971
1583
1093
543
1596
912
723
1682
2440
1121
682
845
822
582
1812
3565
1688
1165
566
1607
1059
682
1329
1601
959
779
2720
1975
1299
680
3962
1671
916
812
1142
646
616
2154
2157
1164
799
3621
2625
1491
2406
2813
1371
933
1808
2380
1513
998
3218
2221
1168
670
3311
1818
1013
1861
2651
1437
794
1359
1861
975
734
2075
1736
1188
1218
4206
2230
1194
2958
1744
1240
977
1442
1300
1005
817
3942
2365
1248
815
1621
1283
1229
3553
2669
1163
729
911
900
775
782
2058
1253
902
2228
3626
1970
1181
3324
1385
989
744
1563
1437
1147
1207
2988
1818
962
1974
2305
1298
1120
2112
1089
731
609
1982
1192
892
991
1523
1044
615
2289
2096
1033
1659
3062
1015
830
586
614
641
620
1239
2364
1263
624
2707
2345
1248
619
3812
1741
940
675
1332
869
732
1481
1465
807
699
3072
2450
1159
2239
3616
1642
1084
2118
2901
1487
805
3196
2176
1282
1040
2131
1357
772
1330
2684
1400
760
1019
1604
1237
858
1819
1590
1452
1229
3806
2228
1952
3437
1665
1088
791
1124
1166
816
640
3901
2496
1447
991
1478
1073
1033
2899
2638
1134
850
1079
970
811
698
2666
1367
780
1912
2180
1300
928
3275
1447
997
738
1915
1687
972
1247
3018
1655
1014
1282
1655
1021
765
2157
1263
605
547
1553
972
664
1656
2304
1300
709
818
728
456
1511
2996
1215
837
578
2267
1223
685
812
1209
730
519
2700
2461
1381
610
3884
2095
1035
691
1135
790
577
2490
2746
1365
765
3370
2944
1648
2290
3054
1329
913
1668
2394
1605
958
2844
2640
1312
876
2592
1995
1202
1277
2668
1504
829
1153
1706
993
660
2378
1912
881
753
3768
2184
1215
3034
1831
1278
981
1144
1098
952
703
3368
2500
1569
831
1313
1078
896
3004
3093
1330
717
780
1120
744
687
2379
1666
1031
1852
4414
2278
1304
3238
1536
1075
932
2004
1697
1125
1183
3094
1874
951
1773
2304
1289
978
2215
1117
654
670
1853
1529
935
998
1637
974
529
2006
2397
1103
1043
3198
1220
890
643
674
697
642
1243
2434
1290
627
2453
2691
1499
675
3677
2137
992
760
1356
938
770
1441
1612
1056
949
3255
2822
1526
2263
3875
2378
1363
1806
3095
1883
1284
2978
2314
1723
1333
2749
2165
1303
1400
2957
1796
978
1146
1606
1007
907
1695
1752
1648
1517
3372
2388
2095
3003
2091
1156
824
1229
1250
815
837
3426
2890
1880
1158
1576
1104
783
1422
3046
1846
1513
1459
1630
1322
811
2547
1524
996
1566
2940
1373
1104
1426
2035
1948
1507
2557
2025
1261
1845
3300
2454
2058
2507
2412
2115
2120
1894
2145
2021
1894
2677
2445
1944
