2
-33
6
-14
-1
-57
-49
62
-32
-100
28
25
-40
-53
-104
36
-35
-34
36
19
175
-194
-56
-30
-24
-51
-38
6
80
47
58
-69
-30
-50
47
-46
5
138
5
-67
81
-18
-27
-33
-1
-81
60
-44
-59
-93
87
13
70
-28
-93
107
32
31
-23
9
23
-5
1
-43
-36
19
-76
-91
-10
18
5
-53
-172
42
48
-55
144
-33
25
-120
-39
80
34
1
2
-28
8
4
-147
-54
-34
30
14
12
103
41
70
-88
-39
22
-5
39
-2
56
32
-43
-5
3
22
50
-99
22
-47
-14
-48
-36
0
-37
-49
7
-13
-2
-4
-2
56
116
119
44
-50
-65
-63
21
2
4
-5
40
-29
-86
-33
95
15
-80
49
-94
14
8
-94
-16
100
76
-13
-25
-15
-124
-80
-13
-59
9
62
45
86
-8
67
-108
-27
-35
-40
-12
116
48
102
55
3
-22
-10
34
48
-81
-36
-19
-68
-16
36
-108
-49
7
-75
-72
33
-19
27
-97
133
56
45
67
-44
1
115
-12
-65
69
-101
29
-15
58
196
-104
-62
-8
18
-44
-37
80
42
35
88
35
-12
-111
37
-84
-32
0
21
-40
61
1
-76
-18
-25
-92
-15
28
113
-67
120
88
55
12
34
-5
32
29
-63
-17
128
15
-51
33
-46
-50
-78
-88
13
18
8
-5
-180
119
24
14
-25
-5
0
-61
-8
28
38
24
31
26
18
13
-104
-60
-52
15
-16
-64
29
95
-21
48
5
-42
-49
45
-57
108
52
-18
-7
-2
22
-124
-100
-72
-35
18
4
9
39
38
-74
-6
79
-22
17
-18
127
42
46
5
-1
-38
-9
39
3
-75
-9
-65
0
41
25
-20
19
-11
33
-21
-55
-4
-30
11
78
91
6
0
55
17
-38
-43
65
26
-20
43
5
27
82
6
4
85
-86
-6
-51
20
128
88
-57
-62
35
-12
125
-162
-69
44
41
52
4
-6
-39
-66
-57
4
-38
6
19
-19
85
161
46
82
7
9
96
-13
-50
-37
2
0
-65
12
193
-133
-107
-11
-28
59
0
62
21
35
54
60
5
39
-7
-202
16
36
-23
26
14
25
-113
25
-82
-53
6
-7
15
-93
77
80
24
136
-41
-49
-6
63
-54
-1
-13
-9
40
-12
-120
-44
-37
-117
119
17
21
40
-171
130
24
-19
-15
16
-27
-14
-95
48
-17
18
-1
-8
39
-80
0
92
-18
20
33
-64
-5
5
-54
-1
8
0
-12
-1
-31
-21
15
4
4
-28
-24
-52
21
28
-76
53
-65
-19
8
-12
20
-40
-34
-110
-66
-6
35
0
-74
