848.003759
1902.870932
1379.043687
1913.895609
1191.055498
1486.960988
1295.808555
903.45482
893.441302
1660.036098
1161.517104
1832.83637
1472.632937
1453.781279
1744.648079
1735.762422
1903.993091
1445.804146
1480.262247
1746.583347
1772.033388
1142.457892
1158.706765
1905.073434
899.51586
1474.624845
1035.028685
1948.694693
921.935846
1147.191334
1653.999172
1080.885517
1546.028273
1496.319532
1531.41208
1333.39745
1439.322462
1189.672567
1774.389845
1952.053946
958.173359
962.628543
1333.890105
945.876751
1512.588172
1070.31054
1346.863354
1044.186519
1981.877822
1273.832187
1471.182722
1628.004017
1298.422364
1773.724229
1713.811903
1171.574337
923.419132
1808.284587
1771.001701
1155.049106
1802.04277
1106.038674
1285.175417
1551.984989
864.915968
1836.827788
1636.541851
1014.520018
1982.198275
1776.647847
1555.194849
1701.3085
1993.238918
1263.016585
1939.895326
1680.799454
1059.919928
868.015969
1606.954799
1740.893864
868.769016
840.192744
1533.416913
1785.503093
1876.504004
1934.791253
862.350436
1859.185812
1974.087333
1977.376262
1827.443774
904.077861
1089.302087
1127.707892
1280.974164
1274.834223
1065.35662
1269.140181
1297.260291
1496.569661
964.87134
1363.523912
904.030344
1966.643529
1683.547451
998.893047
1335.610976
1180.902091
1885.131169
1864.976409
1505.893994
1984.866824
1049.449868
825.74267
1694.934016
815.820005
1057.434605
1543.195886
1783.55072
1278.732889
1371.921096
1906.24273
1439.132014
1528.111748
1408.853117
1661.86987
1214.14072
1965.620965
1235.752158
1133.605307
868.3292
922.790389
832.540625
1717.558894
1071.097039
842.966209
1017.360008
1520.652357
898.92361
1710.455691
826.404865
1664.121409
1379.045967
1843.198092
1460.849511
1371.672868
1528.642416
1912.700844
1629.115912
954.257589
1855.123308
1816.3693
1428.300066
1937.615276
1566.103206
1628.332074
940.494419
861.936089
1484.507976
993.857778
1794.792074
1930.691116
1765.094782
1535.536926
941.698307
1684.321026
829.620428
1614.854006
837.974275
1975.071883
956.886983
1421.011737
1839.166379
1480.349678
1027.961975
1272.443554
1610.883874
1244.259201
1115.654189
844.386013
1466.739703
1958.060839
1687.026067
1179.191863
1934.204324
872.961906
1825.732027
1466.976908
1598.106396
1720.010385
1903.789338
1893.245532
982.588294
1088.062086
1027.252643
811.173613
1552.396675
1066.095222
1117.163326
1375.839908
1103.555251
1598.066101
1798.907796
878.405439
1210.00409
1920.59853
1256.858777
1757.784025
1277.287234
1389.41073
1263.770392
822.743024
1689.993021

