1441.412064
1549.729648
1019.44809
922.523914
1156.426335
1883.487465
957.388381
972.932483
824.400793
991.140572
1768.148788
1118.775859
855.238109
1932.149314
1129.967035
1331.713071
1883.109231
1503.29273
1692.653966
889.217621
1556.168375
1591.70492
1836.023423
825.705797
2012.251372
1939.761139
1416.621177
1228.456986
1924.908121
1944.062747
1810.951614
1053.052028
1618.032695
867.581094
1169.598395
1956.679809
1821.693852
1005.715711
1020.919592
1593.804407
1479.785558
1706.228969
1261.380863
1027.818664
1885.624585
1244.979176
1064.548452
862.074838
1503.997881
1093.028172
1564.939612
995.189391
1655.691914
1682.113201
1153.337737
1302.427086
1000.860245
1207.587951
1735.559809
1451.728931
1988.047793
807.940185
1920.82281
1392.604624
1455.032304
1217.68852
1300.715338
1097.19255
1881.527109
1520.01411
817.337123
1818.581306
1295.730628
1711.898683
1435.199518
1028.949185
894.869089
1591.414498
1567.470551
1705.89483
1894.632645
829.776664
1141.989186
1961.238388
1192.223653
1724.114703
1881.412688
1329.735988
867.534718
1791.409632
1341.320225
1818.859184
1583.302035
1672.959169
1448.555182
1547.645748
1088.650155
1074.059812
1272.360685
1303.1406
1962.253349
1477.316201
2014.678915
1488.48685
1876.199136
837.223509
1722.663728
1457.037136
1815.937086
1674.920286
1785.15527
1613.29203
1739.743957
1066.630453
1177.490379
1177.490379
1455.121635
1927.126209
945.341521
1336.710327
1722.30298
1944.857228
1916.611674
1241.553019
1796.552099
1481.122113
1589.867728
1901.635113
1291.233629
1698.40579
1093.688086
1059.544355
836.364023
1732.329802
1498.245296
849.772147
892.173551
1005.026525
1376.353091
1431.287928
1509.643647
1710.661343
1014.152048
1647.590476
1605.059825
1106.292224
1106.292224
928.185646
1806.271012
1472.917658
1816.169729
1471.649147
1571.509866
1146.735933
1271.418329
1902.580889
1902.580889
1564.538569
1287.60562
878.171657
1914.401949
1492.902118
1969.616946
1032.641437
1787.273763
1331.415046
1222.69946
1222.69946
1973.772202
1753.605961
1033.640052
816.502347
1058.387984
1982.637712
1571.921933
1192.577559
1303.880722
1328.759422
1725.973564
1560.869126
974.504341
1525.408228
1077.964939
1077.964939
1923.871113
1972.860638
1724.729762
914.671845
1474.35685
1103.60847
988.348481
1188.360341
2115.415084
1353.165612
1875.22751
1630.301553
1618.228844
1607.91464
1296.460866
1691.517362
1778.474017
1552.251844

