-1
0
-241
0
-1
240
-1
0
-1
0
-1
0
-1
0
-1
0
-1
0
-1
0
-1
0
-1
-241
-1
-256
240
0
255
-1
-1
-1
0
-256
0
-1
255
-1
0
-1
0
-1
0
-1
0
-1
0
-1
0
-1
0
-1
0
-1
-256
-1
3840
255
0
-3841
-1
-1
-241
0
3840
240
-1
-3841
-1
0
-1
0
-1
0
-1
0
-1
0
-1
0
-1
0
-1
0
-1
3840
-1
0
-3841
0
-1
-1
-1
-256
0
0
255
-1
-1
-1
0
-1
0
-1
0
-1
0
-1
0
-1
0
-1
0
-1
0
-1
0
-1
0
-1
0
-1
-241
-1
3840
0
0
-3841
-1
-1
-241
0
-241
0
-1
240
-1
0
-1
0
-1
0
-1
0
-1
0
-1
0
-1
0
-1
0
-1
-256
-1
0
240
0
-1
-1
-1
-256
0
-256
240
-1
255
-1
0
-1
0
-1
0
-1
0
-1
0
-1
0
-1
0
-1
0
-1
3840
-1
0
255
0
-1
-1
-1
3840
0
3840
255
-1
-3841
-1
0
-1
0
-1
0
-1
0
-1
0
-1
0
-1
0
-1
0
-1
0
-1
0
-3841
0
-1
-241
-1
0
240
0
-3841
-1
-1
-241
0
-1
240
-1
0
-1
0
-1
0
-1
0
-1
0
-1
0
-1
0
-1
0
-1
0
-1
-256
-1
0
255
0
-1
-1
-1
-256
0
-241
255
-1
112
-1
0
-1
0
-1
0
-1
0
-1
0
-1
0
-1
0
-1
0
-1
3840
-1
0
-3841
0
-1
-1
-1
3840
0
-256
-3841
-1
247
-241
0
-1
240
-1
0
-1
0
-1
0
-1
0
-1
0
-1
0
-1
0
-1
0
-1
0
-1
-241
-1
0
240
3840
-1
-1
28927
-256
0
-1
255
-1
0
-1
0
-1
0
-1
0
-1
0
-1
0
-1
0
-1
0
-1
0
-1
-256
-1
0
255
0
-1
-1
-2049
3840
0
-1
-3841
-1
0
-65
0
-1
0
-1
0
-1
0
-1
0
-1
0
-1
0
-1
0
-1
3840
-1
0
-3841
0
-1
-241
-1
0
0
-1
-1
-1
0
-245
0
-1
240
-1
0
-1
0
-1
0
-1
0
-1
0
-1
0
-1
0
-1
0
-1
0
-1
-256
-1
0
240
-241
-1
-1
0
-16640
0
-1
255
-1
0
-1
0
-1
0
-1
0
-1
0
-1
0
-1
0
-1
0
-1
0
-1
3840
-1
0
255
-256
-1
-1
240
2816
0
-1
-3841
-1
0
-241
0
-1
240
-1
0
-1
0
-1
0
-1
0
-1
0
-1
0
-1
0
-1
0
-3841
3840
-1
-241
255
0
240
-1
-1
-1
0
-256
0
-1
255
