98
84
85
82
82
84
94
83
81
91
85
84
84
83
82
84
84
84
84
83
83
86
83
83
84
82
86
83
85
83
87
90
90
94
90
87
89
101
92
91
90
91
90
89
89
91
93
91
92
90
91
91
93
88
90
87
92
90
92
89
90
90
89
88
89
90
90
91
91
90
93
87
92
91
92
91
89
89
91
89
91
89
90
88
90
90
89
90
88
90
89
82
82
84
82
89
84
80
85
82
86
84
85
83
82
83
89
82
84
84
85
81
104
88
82
84
81
81
82
82
85
89
83
87
85
83
83
83
84
92
89
83
85
84
82
88
89
86
83
90
82
80
105
121
90
83
85
92
94
88
91
85
83
83
85
81
75
74
75
81
77
76
76
75
76
76
78
77
75
78
76
77
77
79
77
77
79
78
77
76
78
89
73
78
78
76
75
77
77
75
77
77
76
78
79
81
77
76
75
77
75
76
76
78
75
77
76
77
74
80
76
76
74
84
78
75
75
75
74
75
77
78
77
76
77
79
78
76
76
80
74
77
76
79
76
76
78
78
75
77
76
78
75
79
76
77
78
75
76
80
76
78
75
76
76
73
77
91
93
80
80
77
75
76
80
76
76
76
75
75
78
91
73
84
75
74
75
77
88
87
82
84
83
85
82
86
86
88
86
82
85
83
86
88
92
102
81
83
84
85
84
84
84
83
88
85
85
87
91
82
82
82
84
83
83
84
83
84
82
82
83
83
83
82
88
82
83
83
83
82
83
82
87
82
83
83
88
85
84
90
83
82
82
84
83
84
83
83
83
82
84
81
82
82
82
85
83
85
78
78
76
76
81
76
75
76
77
78
84
75
76
75
77
78
79
77
78
75
89
81
84
126
117
78
82
97
84
79
93
81
103
89
78
85
87
90
81
89
81
92
83
109
91
102
98
81
100
134
83
92
92
76
86
97
146
76
106
98
80
101
104
76
75
77
94
102
78
76
89
153
78
76
87
150
80
77
102
76
74
111
76
75
80
76
76
79
79
80
75
108
107
82
78
78
76
75
74
78
76
80
77
75
74
77
76
76
77
74
76
77
77
76
77
76
90
106
96
85
77
78
76
77
78
75
82
78
77
78
83
83
84
83
82
84
85
84
86
84
117
98
102
84
84
85
87
83
87
88
95
92
90
89
90
90
91
89
89
93
90
90
107
95
114
89
88
93
91
89
89
89
90
89
94
90
90
90
90
91
93
92
91
91
111
104
94
90
91
88
90
91
88
90
92
91
92
105
89
94
90
88
89
89
92
94
183
90
91
175
90
90
91
89
90
89
91
89
90
92
89
90
88
94
93
91
124
113
91
89
89
90
89
92
96
89
102
90
91
94
88
89
93
89
92
90
89
130
96
89
88
89
88
90
92
90
98
118
90
91
75
79
76
74
76
77
74
76
81
96
135
77
80
127
81
77
75
82
77
74
76
79
77
75
77
78
80
81
78
74
76
78
78
88
101
163
78
74
78
76
76
75
79
77
76
76
80
73
78
77
79
75
76
76
80
76
78
79
121
89
91
99
75
79
74
73
77
77
76
76
78
77
73
77
76
74
76
79
77
73
76
77
78
79
90
77
76
77
77
78
75
77
74
77
77
75
77
75
77
77
76
77
75
77
75
81
74
77
77
89
99
74
78
75
77
78
78
75
76
74
75
74
79
78
77
78
76
75
76
76
77
84
78
76
76
98
82
79
76
76
81
75
75
74
77
77
78
77
77
77
75
79
76
77
75
76
75
77
76
75
76
99
94
76
75
77
77
77
74
78
78
78
76
79
78
74
76
78
75
80
89
88
92
92
93
128
106
137
90
90
98
90
92
90
91
89
92
91
90
91
91
89
92
97
92
90
106
104
130
92
390
90
91
89
90
91
98
91
375
88
89
121
94
95
92
88
82
84
82
87
87
82
86
83
82
84
83
84
83
84
84
84
81
81
143
95
88
85
82
82
81
83
84
84
84
83
83
84
83
84
85
85
84
80
77
78
74
105
86
95
83
76
76
78
76
77
77
79
78
76
77
74
76
76
78
76
77
76
77
75
78
76
103
82
103
76
74
76
75
78
77
75
83
76
76
74
78
76
77
77
76
74
78
77
78
80
81
77
79
112
77
76
76
74
76
75
76
77
77
76
76
76
79
77
76
74
77
75
75
76
75
81
76
110
92
114
84
84
83
85
83
80
83
81
84
88
83
83
82
85
80
86
82
82
81
84
83
104
90
104
82
86
87
82
80
83
86
82
84
81
84
104
82
82
83
83
83
83
81
82
97
100
92
86
83
89
83
84
83
84
82
81
84
88
83
81
84
83
84
385
121
105
84
81
81
82
82
84
82
84
85
84
82
82
84
82
85
89
90
90
93
91
115
112
91
92
94
88
90
88
90
92
88
90
89
90
91
90
90
90
91
88
91
93
125
109
92
91
89
90
89
90
100
90
89
89
91
89
90
92
94
90
92
91
91
89
120
117
88
84
82
85
85
85
84
84
84
84
84
84
81
82
82
83
84
84
84
84
83
139
113
86
82
83
83
89
82
83
85
83
84
84
83
85
83
83
86
87
82
86
82
84
86
121
83
82
83
83
85
85
81
83
83
82
83
85
85
85
84
87
81
86
81
86
83
219
93
89
91
146
91
92
90
92
120
105
91
93
93
91
94
92
89
95
94
124
108
90
91
90
90
91
87
89
91
91
90
88
90
91
90
88
88
92
92
390
89
89
93
91
90
91
90
91
93
90
90
90
93
89
89
95
89
88
90
107
98
90
91
94
94
88
79
76
75
76
81
74
76
75
78
73
78
87
74
75
73
76
74
116
101
109
74
74
78
78
75
75
79
75
78
75
80
80
76
78
76
81
77
75
74
77
75
78
95
111
82
74
76
75
78
74
73
75
85
75
76
79
74
156
128
75
76
77
76
77
75
76
82
83
94
93
76
76
77
74
81
75
78
75
78
78
74
76
89
90
90
91
91
90
89
102
119
115
94
160
92
90
90
92
91
89
91
89
89
90
89
89
91
89
90
89
93
125
122
90
89
90
90
91
97
93
91
96
90
90
91
89
89
90
90
90
91
89
142
109
90
98
88
91
90
90
94
89
92
89
90
92
93
91
89
98
92
90
90
115
103
90
91
91
90
90
89
89
91
91
89
91
92
89
88
93
89
89
90
91
96
96
107
103
91
89
92
90
90
89
94
88
95
90
91
88
92
90
90
90
90
90
80
93
112
91
128
84
83
86
84
89
81
82
85
83
83
82
82
83
83
82
81
82
84
91
104
104
95
85
86
81
82
85
83
82
81
84
81
84
82
84
82
82
84
86
84
85
83
129
112
86
83
86
82
84
83
86
81
82
81
85
81
82
83
82
86
84
83
83
83
83
136
100
96
81
81
82
82
84
92
84
83
84
84
83
82
384
85
82
85
101
104
128
82
83
88
83
81
82
81
84
82
84
84
81
84
81
81
84
85
83
83
82
154
108
83
84
85
83
86
82
86
81
83
84
90
86
84
85
83
85
84
86
81
83
85
93
92
89
110
85
87
81
82
89
83
83
384
86
82
84
80
82
82
83
81
96
119
120
100
90
91
95
91
93
90
91
89
90
89
90
115
88
92
105
92
91
112
101
90
92
90
91
91
89
92
94
90
89
91
91
88
92
93
90
91
97
389
92
92
90
82
75
78
74
81
76
75
74
80
78
77
74
75
75
76
76
76
76
79
101
88
91
76
74
74
78
77
75
81
79
76
80
77
77
84
74
77
74
76
74
76
75
76
75
124
101
82
77
75
79
75
76
76
79
75
77
77
81
84
75
78
80
76
376
77
95
109
95
86
76
76
78
75
75
77
77
77
76
77
79
76
77
77
77
76
77
78
77
76
75
135
106
88
74
77
75
75
79
76
77
76
72
75
77
77
78
77
76
74
80
75
77
80
76
76
88
124
74
75
80
79
77
78
76
76
77
75
77
76
76
76
75
75
77
77
76
74
79
78
76
75
111
96
77
77
76
75
90
75
77
99
77
80
80
78
75
74
75
78
74
78
75
78
75
79
77
97
89
74
76
78
75
77
77
77
76
78
90
92
90
92
93
91
94
103
91
90
88
92
123
104
90
90
98
89
91
98
92
89
89
89
89
89
88
92
92
94
89
90
91
106
143
104
94
91
89
90
93
90
90
91
94
93
92
90
89
90
87
88
90
89
91
131
97
90
89
90
97
89
97
89
89
89
90
90
91
89
89
91
91
93
92
89
116
96
90
91
95
88
95
93
88
90
91
89
88
87
91
89
90
89
91
90
89
92
99
112
93
91
89
90
88
82
76
77
75
79
77
76
76
76
80
76
80
77
79
76
78
76
99
88
99
77
76
74
76
75
76
78
79
76
105
76
83
80
75
76
77
75
81
75
85
74
76
145
110
76
75
77
78
78
78
77
77
78
75
77
77
78
75
86
82
76
78
76
76
76
77
86
106
84
76
75
78
75
79
76
75
76
76
81
76
77
75
78
78
76
93
90
88
94
88
90
116
108
90
91
87
92
89
90
92
88
89
89
91
95
90
94
92
94
90
92
90
102
110
98
89
90
97
95
88
91
96
93
87
89
88
92
102
90
89
141
91
89
104
110
95
90
79
76
79
77
77
76
78
81
77
79
77
77
77
84
80
81
85
111
76
76
119
98
97
81
75
83
78
107
99
77
75
210
153
112
77
79
79
76
129
82
106
114
91
94
83
85
85
86
117
95
97
90
124
104
105
82
96
150
154
140
115
188
90
81
83
87
86
84
91
83
83
83
89
86
82
84
82
83
83
107
96
109
197
103
81
87
82
77
76
80
77
76
74
75
79
166
170
178
174
134
178
113
113
86
90
89
88
86
89
85
89
89
83
82
98
84
82
82
81
83
98
91
113
106
78
77
74
78
91
74
77
79
84
80
76
76
76
79
73
77
74
79
76
79
75
75
80
77
77
78
75
77
84
76
75
76
77
75
75
78
80
102
76
78
76
78
76
78
75
77
80
74
74
81
82
83
88
83
82
83
84
86
85
84
82
81
82
85
85
82
91
86
81
84
81
82
86
87
85
84
83
84
83
85
83
83
83
85
83
91
103
84
83
83
90
84
84
85
80
84
84
76
75
77
75
78
75
77
77
77
74
79
78
76
76
77
75
77
77
78
76
76
77
83
118
79
76
75
77
77
80
75
77
78
73
76
75
75
77
78
80
74
95
76
78
75
76
82
84
74
75
75
76
75
75
77
78
77
78
75
77
77
78
78
79
75
82
78
76
77
77
78
76
78
79
104
77
77
75
84
80
76
78
77
76
79
80
76
76
78
77
76
75
74
75
77
80
75
77
80
76
79
78
75
75
79
78
76
76
77
78
75
76
79
80
79
75
79
77
77
74
77
124
78
77
77
77
75
79
75
77
76
78
77
76
75
79
74
77
88
90
90
90
87
90
89
92
91
90
93
89
94
90
92
90
90
90
92
92
95
91
75
76
79
83
75
77
75
79
77
76
79
76
75
75
77
76
75
76
76
76
78
76
77
76
76
80
79
76
76
78
77
79
76
75
76
77
74
74
83
80
74
77
75
81
76
77
74
95
82
76
77
78
77
76
79
77
80
74
76
80
77
76
77
76
79
75
78
76
79
102
75
77
76
78
74
74
85
91
86
83
87
88
82
83
83
90
86
87
83
82
82
82
85
85
84
100
90
88
81
84
86
85
88
81
83
85
91
82
87
84
84
84
83
83
83
83
84
84
82
82
82
81
84
87
86
83
83
82
82
84
83
82
80
85
82
82
81
84
86
85
84
76
77
78
77
75
76
80
76
76
77
79
74
76
80
82
79
75
76
79
76
75
76
79
77
76
77
76
75
76
76
77
76
77
77
80
77
76
83
77
78
83
76
75
74
76
78
78
76
81
75
76
76
80
84
75
81
80
76
79
77
75
75
77
76
78
77
75
75
75
77
85
90
84
83
80
85
83
82
84
82
82
81
83
84
88
93
82
82
82
83
93
84
82
81
82
82
82
89
88
84
83
88
79
77
77
82
74
78
76
74
78
77
76
81
80
75
85
81
85
84
84
85
86
85
84
86
83
84
101
84
85
83
83
85
85
81
83
87
84
86
81
86
82
83
84
85
83
83
84
92
84
83
78
79
79
75
76
81
75
76
101
82
77
77
77
74
75
78
75
78
78
75
77
79
73
77
74
81
73
78
77
80
76
178
74
76
77
79
77
81
76
76
75
77
83
79
75
118
76
76
77
75
77
79
77
75
77
76
73
75
76
79
77
77
75
74
74
78
81
75
78
75
80
78
82
82
82
83
86
93
86
88
84
81
82
85
84
79
82
82
84
83
83
83
89
96
86
82
82
83
82
86
83
84
80
94
83
83
83
77
76
77
76
75
74
77
82
75
76
75
76
77
73
75
78
77
76
75
79
77
75
77
78
74
74
75
78
75
82
91
75
80
83
88
83
76
74
77
92
90
91
94
91
91
95
90
111
91
91
89
96
90
91
90
91
89
93
94
90
91
91
90
89
92
88
91
89
93
91
91
91
91
91
91
92
92
92
99
90
90
90
93
