-7
14
20
27
-4
24
-32
4
19
14
-15
-5
6
-2
8
-7
26
41
-3
-1
1
-18
7
18
16
-1
36
101
49
-26
83
-44
-4
-7
104
63
28
-4
-49
-118
-47
-2
58
30
-83
-18
-17
-23
-14
-2
-74
39
41
-7
-1
-4
-34
29
-20
-87
0
-12
-37
-59
37
8
15
120
-5
-31
21
83
-35
-63
-9
-5
16
73
-53
-77
32
-3
-14
75
1
-24
46
0
-46
7
8
-70
-16
31
-40
27
85
-70
97
-94
19
-26
17
-97
63
-12
37
75
-133
15
12
-23
12
-21
-110
99
18
17
21
-26
-52
63
-45
18
-27
44
-30
-22
-3
149
-82
-10
88
5
49
-73
21
44
19
-8
-63
-73
-86
99
7
-86
0
62
-34
53
82
-23
0
7
15
0
-11
59
64
7
73
41
-17
20
7
48
-13
-29
10
10
-19
-30
-19
92
26
8
-43
-20
-22
51
-3
-47
0
-23
36
-16
16
-11
16
-32
62
-2
63
-24
-38
10
-5
34
104
-27
20
59
-10
6
-1
42
27
-59
61
-34
12
18
39
-66
-50
31
45
-20
81
4
-25
-103
111
-13
-106
95
-65
-10
31
-6
48
-31
31
37
33
-23
51
-73
-66
21
96
21
-8
-52
-6
109
-89
-7
-26
9
-45
40
20
-5
-56
-2
-32
-6
-46
-15
-65
42
0
72
-86
21
37
-3
49
3
-46
-50
-64
-43
6
62
-28
7
15
-18
101
-34
55
-5
-103
-81
75
21
55
-44
1
-63
-1
-80
23
13
-30
-27
-33
12
-20
36
29
-4
29
-31
-14
-37
13
-60
16
121
25
18
13
-29
16
-26
-7
28
-41
-29
-13
34
-86
-32
-119
5
35
-20
46
-34
8
100
102
-40
-45
5
30
-98
-42
59
0
31
89
-55
-88
-44
15
60
63
-24
6
1
38
9
-90
-163
15
-46
96
-81
-17
3
26
-74
74
71
-11
-65
57
-73
2
-60
-79
3
122
34
-51
-26
36
-35
66
55
54
35
15
-54
7
83
-86
-4
2
-89
-84
3
5
105
-128
-2
-33
22
3
45
-19
-9
22
-43
63
22
-70
1
9
0
-98
23
24
101
57
13
-28
78
12
-106
98
35
68
28
-18
26
25
-2
24
-26
30
0
52
-125
69
73
16
47
44
59
-33
67
1
14
-48
64
-14
43
5
58
-56
61
46
-44
60
-105
-71
53
92
-129
-21
-101
-11
50
17
-2
113
-54
32
72
-15
-67
16
-7
-41
51
-38
16
-47
82
-7
36
-28
-68
39
29
-120
30
33
-70
29
-5
-66
-16
-60
