46.625
46.625
46.625
46.625
46.625
46.625
46.625
46.625
46.625
46.625
46.625
46.625
46.625
46.625
46.625
46.625
46.625
46.625
46.625
46.625
46.625
46.625
46.625
46.625
46.625
46.625
46.625
46.625
46.625
46.625
46.625
46.625
46.625
46.625
46.625
46.625
46.625
46.625
46.625
46.625
46.625
46.625
46.625
46.625
46.625
46.625
46.625
46.625
46.625
46.5
46.5
46.375
46.25
46.25
46.25
46.25
46.25
46.25
46.25
46.25
46.25
46.25
46.25
46.25
46.25
46.25
46.25
46.25
46.25
46.25
46.25
46.25
46.25
46.25
46.25
46.25
46.25
46.25
46.25
46.25
46.25
46.25
46.25
46.25
46.25
46.25
46.25
46.25
46.25
46.25
46.25
46.25
46.25
46.25
46.25
46.25
46.25
46.25
46.25
46.25
46.25
46.25
46.25
46.25
46.25
46.25
46.25
46.25
46.25
46.25
46.25
46.25
46.25
46.25
46.25
46.25
46.25
46.25
46.25
46.25
46.25
46.25
46.25
46.25
46.25
46.25
46.25
46.25
46.25
46.25
46.25
46.25
46.375
46.375
46.375
46.375
46.375
46.375
46.375
46.375
46.375
46.375
46.375
46.375
46.375
46.25
46.25
46.25
46.25
46.25
46.25
46.25
46.25
46.25
46.25
46.25
46.25
46.25
46.25
46.25
46.25
46.25
46.25
46.25
46.25
46.25
46.25
46.25
46.25
46.125
46.125
46.125
46.125
46.125
46.125
46.125
46.125
46.125
46.125
46.125
46.125
46.125
46.125
46.125
46.125
46.125
46.125
46.125
46.125
46.125
46.125
46.125
46.125
46.125
46.125
46.125
46.125
46.125
46.125
46.125
46.125
46.125
46.125
46.125
46.125
46.125
46.125
46.125
46.125
46.125
46.125
46.125
46.125
46.125
46.125
46.125
46.125
46.125
46.125
46.125
46.125
46.125
46.125
46.125
46.25
46.125
46.125
46.25
46.125
46.125
46.125
46.125
46.25
46.125
46.25
46.125
46.25
46.25
46.25
46.25
46.25
46.25
46.25
46.25
46.25
46.25
46.25
46.25
46.25
46.25
46.25
46.25
46.25
46.25
46.25
46.25
46.25
46.25
46.25
46.25
46.25
46.25
46.25
46.25
46.25
46.25
46.25
46.25
46.25
46.25
46.25
46.25
46.25
46.25
46.25
46.25
46.25
46.25
46.25
46.25
46.25
46.25
46.25
46.25
46.25
46.25
46.25
46.25
46.25
46.25
46.25
46.25
46.125
46.125
46.125
46.125
46.125
46.125
46.125
46.125
46.125
46.125
46.125
46.125
46.125
46.125
46.125
46.125
46.125
46.125
46.125
46.125
46.125
46.125
46.125
46.125
46.125
46.125
46.125
46.125
46.125
46.125
46.125
46.125
46.125
46.125
46.125
46.125
46.125
46.125
46.125
46.125
46.125
46.125
46.125
46.125
46.125
46.125
46.125
46.125
46.125
46.125
46.125
46.125
46.125
46.125
46.125
46.125
46.125
46.125
46.125
46.125
46.125
46.125
46.125
46.125
46.125
46.125
46.125
46.125
46.125
46.125
46.125
46.125
46.125
46.125
46.125
46.125
46.125
46.125
46.125
46.125
46.125
46.125
46.125
46.125
46.125
46.125
46.125
46.125
46.125
46.125
46.125
46.125
46.125
46.125
46.125
46.125
46.125
46.125
46.125
46.25
46.25
46.25
46.125
46.125
46.125
46.125
46.25
46.25
46.25
46.125
46.125
46.125
46.125
46.125
46.125
46.125
46.125
46.125
46.125
46.125
46.125
46.125
46.125
46.125
46.125
46.125
46.125
46.125
46.125
46.25
46.5
46.5
46.5
46.5
46.5
46.5
46.5
46.5
46.5
46.5
46.5
46.5
46.5
46.5
46.5
46.5
46.5
46.5
46.5
46.5
46.5
46.5
46.5
46.5
46.5
46.5
46.5
46.5
46.5
46.5
46.5
46.5
46.5
46.5
46.5
46.5
46.5
46.5
46.5
46.5
46.5
46.5
46.5
46.5
46.5
46.5
46.5
46.5
46.5
46.5
46.5
46.5
46.5
46.5
46.5
46.5
46.5
46.5
46.5
46.5
46.5
46.5
46.5
46.5
46.5
46.5
46.5
46.5
46.5
46.5
46.5
46.5
46.5
46.5
46.5
46.5
46.5
46.5
46.5
46.5
46.5
46.5
46.5
46.5
46.5
46.5
46.5
46.5
46.5
46.5
46.5
46.5
46.5
46.625
46.625
46.625
46.625
46.625
46.625
46.625
46.5
46.5
46.5
46.5
46.5
46.5
46.5
46.625
46.625
46.625
46.625
46.625
46.625
46.625
46.625
46.625
46.75
46.75
46.75
46.75
46.75
46.75
46.75
46.75
46.75
46.75
46.75
46.75
46.75
46.75
46.75
46.75
46.75
46.75
46.75
46.75
46.75
46.75
46.75
46.75
46.75
46.75
46.75
46.75
46.75
46.75
46.75
46.75
46.75
46.75
46.75
46.75
46.75
46.75
46.75
46.75
46.75
46.75
46.75
46.75
46.75
46.75
46.75
46.75
46.75
46.75
46.75
46.75
46.75
46.75
46.75
46.75
46.75
46.75
46.75
46.75
46.75
46.75
46.75
46.75
46.75
46.75
46.75
46.75
46.75
46.75
46.75
46.75
46.75
46.75
46.75
46.75
46.75
46.75
46.75
46.75
46.75
46.75
46.75
46.75
46.75
46.75
46.75
46.75
46.75
46.75
46.75
46.75
46.75
46.75
46.75
46.75
46.75
46.75
46.75
46.75
46.75
46.75
46.75
46.75
46.75
46.75
46.75
46.625
46.625
46.625
46.625
46.625
46.625
46.625
46.625
46.625
46.625
46.625
46.625
46.625
46.625
46.625
46.625
46.75
46.75
46.75
46.75
46.75
46.75
46.75
46.75
46.75
46.75
46.75
46.75
46.75
46.75
46.75
46.75
46.75
46.75
46.75
46.75
46.75
46.75
46.75
46.75
46.75
46.75
46.75
46.75
46.75
46.75
46.75
46.75
46.75
46.75
46.75
46.75
46.75
46.75
46.75
46.75
46.75
46.75
46.75
46.75
46.75
46.75
46.75
46.75
46.75
46.75
46.75
46.75
46.75
46.75
46.75
46.75
46.75
46.75
46.75
46.75
46.75
46.75
46.75
46.75
46.75
46.75
46.75
46.75
46.75
46.75
46.75
46.75
46.75
46.75
46.75
46.75
46.75
46.75
46.75
46.75
46.75
46.75
46.75
46.75
46.75
46.75
46.75
46.75
46.75
46.75
46.75
46.75
46.75
46.75
46.75
46.75
46.75
46.75
46.75
46.75
46.75
46.75
46.75
46.75
46.75
46.75
46.75
46.75
46.75
46.75
46.75
46.75
46.75
46.75
46.75
46.75
46.75
46.75
46.75
46.75
46.75
46.75
46.75
46.75
46.75
46.75
46.75
46.75
46.75
46.75
46.75
46.75
46.75
46.75
46.75
46.75
46.75
46.75
46.75
46.75
46.75
46.75
46.75
46.75
46.75
46.75
46.75
46.75
46.75
46.75
46.75
46.75
46.75
46.75
46.75
46.75
46.75
46.75
46.75
46.75
46.75
46.625
46.625
46.625
46.625
46.625
46.625
46.625
46.625
46.625
46.625
46.625
46.625
46.625
46.625
46.625
46.625
46.625
46.625
46.625
46.625
46.625
46.625
46.625
46.625
46.625
46.5
46.5
46.375
46.375
46.25
46.25
46.25
46.25
46.25
46.25
46.25
46.25
46.125
46.125
46.125
46.125
46.125
46.125
46.125
46.125
46.125
46.0
46.0
46.0
46.0
45.875
45.875
45.875
45.875
45.875
45.875
45.875
45.875
45.875
45.875
45.75
45.75
45.75
45.75
45.75
45.75
45.75
45.75
45.75
45.75
45.625
45.625
45.5
45.375
45.375
45.25
45.25
45.25
45.25
45.25
45.25
45.25
45.25
45.25
45.125
45.125
45.125
45.0
45.0
44.875
44.75
44.75
44.75
44.625
44.625
44.625
44.625
44.625
44.625
44.625
44.625
44.5
44.5
44.375
44.25
44.125
44.125
44.0
44.125
44.0
44.0
44.0
44.0
44.0
44.0
44.0
44.0
44.0
43.875
43.875
43.75
43.625
43.625
43.5
43.375
43.25
43.25
43.125
43.125
43.125
43.0
42.875
42.875
42.875
42.875
42.75
42.75
42.75
42.625
42.625
42.5
42.375
42.375
42.375
42.375
42.375
42.375
42.375
42.375
42.375
42.25
42.25
42.25
42.125
42.0
42.0
41.875
41.875
41.875
41.875
41.875
41.875
41.875
41.875
41.875
41.875
41.875
41.75
41.75
41.625
41.5
41.375
41.375
41.375
41.375
41.375
41.375
41.375
41.375
41.375
41.375
41.375
41.25
41.25
41.25
41.125
41.0
41.0
41.0
41.0
41.0
41.0
41.0
41.0
41.0
41.0
41.0
40.875
40.875
40.75
40.625
40.5
40.5
40.5
40.5
40.5
40.5
40.5
40.5
40.5
40.5
40.375
40.375
40.25
40.25
40.125
40.0
40.0
40.0
40.0
40.0
40.0
40.0
40.0
40.0
40.0
40.0
40.0
39.875
39.875
39.75
39.625
39.5
39.5
39.5
39.5
39.5
39.5
39.5
39.5
39.5
39.5
39.375
39.375
39.375
39.25
39.125
39.125
39.0
39.0
39.0
39.0
39.0
39.0
39.0
39.0
39.0
39.0
39.0
38.875
38.875
38.75
38.625
38.625
38.5
38.5
38.5
38.5
38.5
38.5
38.5
38.5
38.5
38.5
38.5
38.5
38.375
38.375
38.25
38.125
38.0
38.0
38.0
38.0
38.0
38.0
38.0
38.0
38.0
38.0
38.0
37.875
37.875
37.75
37.625
37.5
37.5
37.5
37.5
37.5
37.5
37.5
37.5
37.5
37.5
37.375
37.375
37.25
37.25
37.125
37.0
37.0
37.0
37.0
37.0
37.0
37.0
37.0
37.0
37.0
36.875
36.875
36.75
36.75
36.625
36.5
36.5
36.5
36.5
36.5
36.5
36.5
36.5
36.5
36.5
36.375
36.375
36.25
36.25
36.125
36.0
36.0
36.0
36.0
36.0
36.0
36.125
36.125
36.125
36.125
36.0
36.0
35.875
35.875
35.75
35.625
35.625
35.625
35.625
35.625
35.625
35.625
35.625
35.625
35.625
35.625
35.5
35.5
35.5
35.375
35.25
35.25
35.125
35.125
35.125
35.125
35.125
35.125
35.125
35.125
35.125
35.125
35.125
35.125
35.0
35.0
35.0
34.875
34.75
34.75
34.625
34.5
34.375
34.375
34.375
34.375
34.375
34.5
34.625
34.75
34.75
34.75
34.75
34.75
34.75
34.75
34.75
34.75
34.875
34.875
34.875
34.875
34.875
34.75
34.75
34.75
34.875
34.875
35.0
35.0
35.0
35.0
34.875
34.875
34.875
34.875
35.0
35.0
35.0
35.0
35.0
34.875
34.75
34.75
34.75
34.875
35.0
35.125
35.125
35.0
34.875
34.875
34.875
34.875
34.875
35.0
35.0
35.0
35.0
35.0
35.125
35.0
35.0
35.0
35.0
35.0
35.0
35.0
35.25
35.375
35.375
35.375
35.375
35.375
35.25
35.25
35.125
35.0
34.875
34.875
35.125
35.5
35.5
35.625
35.875
35.875
35.75
35.75
35.75
35.875
36.125
36.125
36.125
36.125
36.125
36.125
36.125
36.125
36.125
36.0
36.25
36.25
36.375
36.25
36.25
36.25
36.25
36.25
36.25
36.25
36.25
36.25
36.5
36.5
36.5
36.5
36.5
36.5
36.5
36.5
36.5
36.5
36.5
36.5
36.5
36.625
36.625
36.625
36.625
36.625
36.5
36.5
36.5
36.375
36.5
36.75
36.75
36.75
36.75
36.625
36.625
36.5
36.5
36.5
36.625
36.75
37.0
37.0
37.0
37.0
37.0
36.875
36.875
36.75
36.625
36.625
36.625
36.75
37.125
37.125
37.125
37.125
37.125
37.125
37.0
37.0
36.875
37.0
37.0
37.25
37.375
37.25
37.25
37.125
37.125
37.125
37.125
37.125
37.125
37.125
37.25
37.5
37.5
37.5
37.5
37.375
37.375
37.375
37.375
37.375
37.375
37.375
37.375
37.5
37.875
37.75
37.625
37.625
37.625
37.625
37.625
37.625
37.625
37.75
37.875
38.125
38.125
38.0
38.0
37.875
37.875
37.875
37.875
37.875
38.0
38.125
38.375
38.375
38.375
38.25
38.125
38.125
38.125
38.125
38.125
38.25
38.375
38.625
38.625
38.625
38.625
38.625
38.625
38.625
38.625
38.625
38.75
38.75
39.0
39.0
39.0
39.0
39.0
39.0
39.0
39.0
39.0
39.0
39.125
39.25
39.5
39.5
39.5
39.5
39.5
39.5
39.5
39.5
39.5
39.5
39.625
39.75
40.0
40.0
40.0
40.0
40.0
40.0
40.0
40.0
40.0
40.0
40.0
40.0
40.125
40.125
40.5
40.875
40.875
40.875
40.875
40.875
40.875
40.875
40.875
40.875
40.875
40.875
40.875
40.875
40.875
40.875
40.875
40.875
40.875
40.875
40.875
40.875
40.875
40.875
40.875
41.0
41.0
41.0
41.0
41.0
41.0
41.0
41.0
41.0
41.0
41.0
41.0
41.0
41.0
41.125
41.125
41.125
41.125
41.125
41.375
41.375
41.375
41.375
41.375
41.375
41.375
41.5
41.625
41.75
41.75
41.75
41.75
41.75
41.75
41.75
41.75
41.875
42.0
42.0
42.0
42.125
42.125
42.125
42.125
42.125
42.375
42.375
42.375
42.375
42.375
42.375
42.375
42.375
42.375
42.375
42.5
43.0
43.0
43.0
43.0
43.0
43.0
43.0
43.0
43.0
43.0
43.0
43.0
43.0
43.0
43.0
43.25
43.25
43.25
43.25
43.25
43.25
43.25
43.25
43.25
43.25
43.25
43.25
43.25
43.25
43.25
43.5
43.5
43.5
43.5
43.5
43.5
43.5
43.5
43.5
43.5
43.5
43.625
43.625
43.625
43.875
43.875
43.875
43.875
43.875
43.875
43.875
43.875
43.875
43.875
43.875
43.875
43.875
43.875
44.125
44.125
44.125
44.125
44.125
44.125
44.125
44.25
44.25
44.5
44.5
44.5
44.5
44.5
44.5
44.5
44.5
44.625
44.75
44.75
44.75
44.75
44.75
44.75
44.75
44.75
44.75
44.75
44.75
44.75
44.75
45.0
45.125
45.125
45.125
45.125
45.125
45.125
45.125
45.125
45.125
45.125
45.125
45.125
45.125
45.25
45.375
45.375
45.375
45.375
45.375
45.375
45.375
45.375
45.5
45.625
45.625
45.625
45.625
45.625
45.625
45.625
45.625
45.625
45.625
45.625
45.625
45.625
45.625
45.875
45.875
45.875
45.875
45.875
45.875
45.875
45.875
45.875
45.875
45.875
45.875
45.875
46.125
46.125
46.125
46.125
46.125
46.125
46.125
46.125
46.125
46.125
46.125
46.125
46.125
46.125
46.25
46.375
46.375
46.375
46.375
46.375
46.375
46.375
46.375
46.375
46.375
46.375
46.375
46.5
46.625
46.625
46.625
46.625
46.625
46.625
46.625
46.625
46.625
46.625
46.625
46.625
46.625
46.625
46.625
46.625
46.625
46.625
46.625
46.625
46.625
46.75
46.75
46.75
46.75
46.75
46.75
46.75
46.75
46.75
46.75
46.75
46.75
46.75
46.75
46.75
46.75
46.75
46.75
46.75
46.75
46.75
46.75
46.625
46.625
46.625
46.625
46.625
46.625
46.625
46.625
46.625
46.625
46.625
46.625
46.625
46.625
46.625
46.625
46.625
46.625
46.625
46.625
46.625
46.625
46.625
46.625
46.625
46.625
46.625
46.625
46.625
46.625
46.625
46.625
46.625
46.625
46.625
46.625
46.625
46.625
46.625
46.625
46.625
46.625
46.625
46.625
46.625
46.625
46.625
46.625
46.625
46.625
46.625
46.625
46.625
46.625
46.625
46.625
46.625
46.625
46.625
46.625
46.625
46.625
46.625
46.625
46.625
46.625
46.625
46.625
46.625
46.625
46.625
46.625
46.625
46.625
46.625
46.625
46.625
46.625
46.625
46.625
46.625
46.625
46.625
46.625
46.625
46.625
46.625
46.625
46.625
46.625
46.625
46.625
46.625
46.625
46.625
46.625
46.625
46.625
46.625
46.625
46.625
46.625
46.625
46.625
46.625
46.625
46.625
46.625
46.625
46.625
46.625
46.625
46.625
46.625
46.625
46.625
46.625
46.625
46.625
46.625
46.625
46.625
46.625
46.625
46.625
46.625
46.625
46.625
46.625
46.625
46.625
46.75
46.75
46.75
46.75
46.75
46.75
46.75
46.75
46.75
46.75
46.75
46.75
46.625
46.625
46.625
46.625
46.625
46.625
46.625
46.625
46.625
46.625
46.625
46.625
46.625
46.625
46.625
46.625
46.625
46.625
46.625
46.625
46.625
46.625
46.625
46.625
46.625
46.625
46.625
46.625
46.625
46.625
46.625
46.625
46.625
46.625
46.625
46.625
46.625
46.625
46.625
46.625
46.625
46.625
46.625
46.625
46.625
46.625
46.625
46.625
46.625
46.625
46.625
46.625
46.625
46.625
46.625
46.625
46.625
46.625
46.625
46.625
46.625
46.625
46.625
46.5
46.5
46.5
46.5
46.5
46.5
46.5
46.5
46.5
46.5
46.5
46.5
46.5
46.5
46.625
46.625
46.625
46.625
46.625
46.625
46.625
46.5
46.5
46.5
46.5
46.5
46.5
46.5
46.5
46.5
46.5
46.5
46.5
46.5
46.5
46.5
46.5
46.5
46.5
46.5
46.5
46.5
46.5
46.625
46.625
46.625
46.625
46.625
46.625
46.625
46.625
46.625
46.625
46.625
46.625
46.625
46.625
46.625
46.625
46.625
46.625
46.625
46.625
46.625
46.625
46.625
46.625
46.625
46.625
46.625
46.625
46.625
46.625
46.625
46.625
46.625
46.625
46.625
46.625
46.625
46.625
46.625
46.625
46.625
46.625
46.625
46.5
46.5
46.5
46.5
46.5
46.5
46.5
46.5
46.5
46.375
46.375
46.375
46.375
46.375
46.375
46.375
46.375
46.375
46.5
46.375
46.375
46.5
46.375
46.375
46.375
46.375
46.375
46.375
46.375
46.375
46.375
46.375
46.375
46.375
46.375
46.375
46.375
46.375
46.375
46.375
46.375
46.375
46.375
46.375
46.375
46.5
46.375
46.375
46.375
46.375
46.375
46.375
46.375
46.375
46.375
46.375
46.375
46.375
46.375
46.375
46.375
46.375
46.375
46.375
46.375
46.375
46.375
46.375
46.375
46.375
46.375
46.375
46.375
46.375
46.375
46.375
46.375
46.375
46.375
46.375
46.375
46.375
46.375
46.375
46.375
46.375
46.5
46.5
46.5
46.5
46.5
46.5
46.5
46.375
46.375
46.375
46.375
46.375
46.375
46.375
46.375
46.375
46.375
46.375
46.375
46.375
46.375
46.375
46.375
46.375
46.375
46.375
46.375
46.375
46.375
46.375
46.375
46.375
46.5
46.375
46.375
46.375
46.375
46.375
46.375
46.375
46.375
46.375
46.375
46.375
46.375
46.375
46.375
46.375
46.375
46.5
46.5
46.5
46.5
46.5
46.5
46.5
46.5
46.5
46.5
46.5
46.5
46.5
46.375
46.375
46.375
46.375
46.375
46.375
46.375
46.375
46.375
46.375
46.375
46.375
46.375
46.375
46.375
46.375
46.375
46.375
46.375
46.375
46.375
46.375
46.375
46.375
46.375
46.375
46.375
46.375
46.375
46.375
46.375
46.375
46.375
46.375
46.375
46.375
46.375
46.375
46.375
46.375
46.375
46.375
46.375
46.5
46.375
46.375
46.375
46.375
46.375
46.375
46.375
46.375
46.375
46.375
46.375
46.375
46.375
46.375
46.375
46.375
46.375
46.375
46.375
46.375
46.375
46.375
46.375
46.375
46.375
46.375
46.375
46.375
46.375
46.375
46.375
46.375
46.375
46.375
46.375
46.375
46.375
46.375
46.375
46.375
46.375
46.375
46.375
46.375
46.375
46.375
46.375
46.375
46.375
46.375
46.375
46.375
46.375
46.375
46.375
46.375
46.375
46.375
46.375
46.375
46.375
46.375
46.375
46.375
46.375
46.375
46.375
46.375
46.375
46.375
46.375
46.375
46.375
46.375
46.375
46.375
46.375
46.375
46.375
46.375
46.375
46.375
46.375
46.375
46.375
46.375
46.375
46.5
46.5
46.5
46.5
46.5
46.5
46.5
46.5
46.5
46.5
46.5
46.5
46.5
46.5
46.5
46.5
46.5
46.5
46.5
46.5
46.5
46.5
46.5
46.5
46.5
46.5
46.5
46.5
46.5
46.5
46.5
46.5
46.5
46.5
46.5
46.5
46.5
46.5
46.5
46.5
46.5
46.5
46.5
46.5
46.5
46.5
46.5
46.5
46.5
46.5
46.5
46.5
46.5
46.5
46.5
46.5
46.5
46.5
46.5
46.5
46.5
46.5
46.5
46.5
46.5
46.5
46.5
46.5
46.5
46.5
46.5
46.5
46.5
46.5
46.5
46.5
46.5
46.5
46.375
46.375
46.375
46.375
46.375
46.375
46.375
46.375
46.375
46.375
46.375
46.375
46.5
46.5
46.5
46.5
46.5
46.625
46.625
46.625
46.625
46.625
46.625
46.625
46.625
46.625
46.625
46.625
46.625
46.625
46.625
46.625
46.625
46.625
46.625
46.625
46.625
46.625
46.625
46.625
46.625
46.625
46.625
46.625
46.625
46.625
46.625
46.625
46.625
46.625
46.625
46.625
46.625
46.625
46.625
46.625
46.625
46.625
46.625
46.625
46.625
46.625
46.625
46.625
46.625
46.625
46.625
46.625
46.625
46.625
46.625
46.625
46.625
46.625
46.625
46.625
46.625
46.625
46.625
46.625
46.625
46.5
46.375
46.25
46.125
46.0
46.0
45.875
45.75
45.625
45.5
45.375
45.25
45.25
45.25
45.25
45.25
45.25
45.25
45.25
45.25
45.25
45.25
45.25
45.25
45.125
45.125
45.25
45.25
45.25
45.25
45.25
45.25
45.25
45.25
45.25
45.25
45.25
45.25
45.25
45.25
45.25
45.25
45.25
45.25
45.25
45.25
45.25
45.25
45.25
45.25
45.25
45.25
45.25
45.25
45.25
45.25
45.25
45.25
45.25
45.25
45.25
45.25
45.25
45.25
45.25
45.25
45.25
45.25
45.25
45.25
45.25
45.25
45.25
45.25
45.25
45.25
45.25
45.25
45.25
45.25
45.25
45.25
45.25
45.25
45.25
45.25
45.25
45.25
45.25
45.25
45.25
45.25
45.25
45.25
45.25
45.25
45.25
45.25
45.25
45.25
45.25
45.25
45.25
45.375
45.375
45.375
45.375
45.375
45.375
45.375
45.375
45.375
45.375
45.375
45.375
45.375
45.375
45.375
45.375
45.375
45.375
45.375
45.375
45.375
45.25
45.25
45.25
45.25
45.25
45.25
45.25
45.25
45.25
45.25
45.25
45.25
45.25
45.25
45.25
45.25
45.375
45.375
45.375
45.375
45.375
45.375
45.375
45.375
45.375
45.375
45.375
45.375
45.375
45.375
45.375
45.375
45.375
45.375
45.375
45.375
45.375
45.375
45.375
45.375
45.375
45.375
45.375
45.375
45.375
45.375
45.375
45.375
45.375
45.375
45.375
45.375
45.375
45.375
45.375
45.375
45.375
45.375
45.375
45.375
45.375
45.375
45.375
45.375
45.375
45.375
45.375
45.375
45.375
45.375
45.375
45.375
45.375
45.375
45.375
45.375
45.375
45.375
45.375
45.375
45.375
45.375
45.375
45.375
45.375
45.375
45.375
45.375
45.375
45.375
45.375
45.375
45.375
45.375
45.375
45.375
45.375
45.375
45.375
45.375
45.375
45.375
45.375
45.375
45.375
45.375
45.375
45.375
45.375
45.375
45.375
45.375
45.375
45.375
45.375
45.375
45.375
45.375
45.375
45.375
45.375
45.375
45.375
45.375
45.375
45.375
45.375
45.375
45.375
45.375
45.375
45.375
45.375
45.375
45.375
45.375
45.375
45.375
45.375
45.375
45.375
45.375
45.375
45.375
45.375
45.375
45.375
45.375
45.375
45.375
45.375
45.375
45.375
45.375
45.375
45.375
45.375
45.375
45.375
45.375
45.375
45.25
45.25
45.25
45.25
45.375
45.375
45.375
45.375
45.375
45.375
45.375
45.375
45.375
45.375
45.375
45.375
45.375
45.375
45.375
45.375
45.375
45.375
45.375
45.375
45.375
45.375
45.375
45.375
45.375
45.375
45.375
45.375
45.375
45.375
45.375
45.375
45.375
45.375
45.375
45.375
45.375
45.375
45.375
45.375
45.375
45.375
45.375
45.375
45.375
45.375
45.375
45.375
45.375
45.375
45.375
45.375
45.375
45.375
45.375
45.375
45.375
45.375
45.375
45.375
45.375
45.375
45.375
45.375
45.375
45.375
45.375
45.375
45.375
45.375
45.375
45.375
45.25
45.25
45.25
45.25
45.25
45.25
45.25
45.25
45.25
45.25
45.25
46.0
46.75
46.75
46.75
46.75
46.75
46.75
46.75
46.75
46.75
46.75
46.75
46.75
46.75
46.75
46.75
46.75
46.75
46.75
46.75
46.75
46.75
46.75
46.75
46.75
46.75
46.75
46.75
46.75
46.75
46.75
46.75
46.75
46.75
46.75
46.75
46.75
46.75
46.75
46.75
46.625
46.625
46.75
46.75
46.75
46.75
46.75
46.75
46.75
46.75
46.75
46.75
46.625
46.625
46.625
46.625
46.625
46.625
46.625
46.625
46.625
46.625
46.625
46.625
46.625
46.625
46.625
46.625
46.625
46.625
46.625
46.625
46.625
46.625
46.625
46.625
46.625
46.625
46.625
46.625
46.625
46.625
46.625
46.625
46.625
46.625
46.625
46.625
46.625
46.625
46.625
46.625
46.625
46.625
46.625
46.625
46.625
46.625
46.625
46.625
46.625
46.625
46.625
46.625
46.625
46.625
46.625
46.625
46.625
46.625
46.625
46.625
46.625
46.625
46.75
46.75
46.75
46.75
46.75
46.75
46.75
46.75
46.75
46.75
46.75
46.75
46.75
46.625
46.625
46.625
46.625
46.625
46.625
46.625
46.625
46.625
46.625
46.625
46.625
46.625
46.625
46.625
46.625
46.625
46.625
46.625
46.625
46.625
46.625
46.625
46.625
46.625
46.625
46.625
46.625
46.625
46.625
46.625
46.625
46.625
46.625
46.625
46.625
46.625
46.625
46.625
46.625
46.625
46.625
46.625
46.625
46.625
46.625
46.625
46.625
46.625
46.625
46.625
46.625
46.625
46.625
46.625
46.625
46.625
46.625
46.625
46.625
46.625
46.625
46.625
46.625
46.625
46.625
46.625
46.625
46.625
46.625
46.625
46.625
46.625
46.625
46.625
46.625
46.625
46.625
46.625
46.625
46.625
46.625
46.625
46.625
46.625
46.625
46.625
46.625
46.625
46.625
46.625
46.625
46.625
46.625
46.625
46.625
46.625
46.625
46.625
46.625
46.625
46.625
46.625
46.625
46.625
46.625
46.75
46.75
46.75
46.75
46.75
46.75
46.75
46.75
46.75
46.75
46.75
46.75
46.75
46.75
46.75
46.75
46.75
46.75
46.75
46.75
46.75
46.75
46.75
46.75
46.75
46.75
46.75
46.75
46.75
46.75
46.75
46.75
46.75
46.75
46.75
46.75
46.75
46.75
46.75
46.75
46.75
46.75
46.75
46.75
46.75
46.75
46.75
46.75
46.75
46.75
46.75
46.75
46.75
46.75
46.75
46.75
46.75
46.75
46.75
46.75
46.75
46.75
46.75
46.75
46.75
46.75
46.75
46.75
46.75
46.75
46.75
46.75
46.75
46.75
46.75
46.75
46.75
46.75
46.75
46.75
46.75
46.75
46.75
46.75
46.75
46.75
46.75
46.75
46.75
46.75
46.75
46.75
46.75
46.75
46.75
46.75
46.75
46.75
46.75
46.75
46.75
46.75
46.75
46.75
46.75
46.75
46.75
46.75
46.75
46.75
46.75
46.75
46.75
46.75
46.75
46.75
46.75
46.75
46.875
46.875
46.875
46.875
46.875
46.875
46.875
46.875
46.875
46.875
46.875
46.875
46.875
46.875
46.875
46.875
46.875
46.875
46.875
46.875
46.875
46.875
46.875
46.875
46.875
46.875
46.875
46.875
46.875
46.875
46.875
46.875
46.875
46.875
46.875
46.875
46.875
46.875
46.875
46.875
46.875
46.875
46.875
46.875
46.875
46.875
46.875
46.875
46.875
46.875
46.875
46.875
46.875
46.875
46.875
46.875
46.875
46.875
46.875
46.875
46.875
46.875
46.875
46.875
46.875
46.875
46.875
46.875
46.875
46.875
46.875
46.875
46.875
46.875
46.875
46.875
46.875
46.875
46.875
46.875
46.875
46.875
46.875
46.875
46.875
46.875
46.875
46.875
46.875
46.875
46.875
46.875
46.875
46.875
46.875
46.875
46.875
46.875
46.875
46.875
46.875
46.875
46.875
46.875
46.875
46.875
46.875
46.875
46.875
46.875
46.875
46.875
46.875
46.875
46.875
46.875
46.875
46.875
46.875
46.875
46.875
46.875
46.875
46.875
46.875
46.875
46.875
46.875
46.875
46.875
46.875
46.875
46.875
46.875
46.875
46.875
46.875
46.875
46.875
46.875
46.875
46.875
46.875
46.875
46.875
46.875
46.875
46.875
46.875
46.875
46.875
46.875
46.875
46.875
46.875
46.875
46.875
46.875
46.875
46.875
46.875
46.875
46.875
46.875
46.875
46.875
46.875
46.875
46.875
46.875
46.875
46.875
46.875
46.875
46.875
46.875
46.875
46.875
46.875
46.875
46.875
46.875
46.875
46.875
46.875
46.875
46.875
46.875
46.875
46.875
46.875
46.875
46.875
46.875
46.875
46.875
46.875
46.875
46.875
46.875
46.875
46.875
46.875
46.875
46.875
46.875
46.875
46.875
46.875
46.875
46.875
46.875
46.875
46.875
46.875
46.875
46.875
46.875
46.875
46.875
46.875
46.875
46.875
46.875
46.875
46.875
46.75
46.75
46.75
46.75
46.75
46.75
46.75
46.75
46.75
46.75
46.75
46.75
46.75
46.75
46.75
46.75
46.75
46.75
46.75
46.75
46.75
46.75
46.75
46.75
46.75
46.625
46.625
46.625
46.625
46.625
46.625
46.625
46.625
46.625
46.625
46.625
46.625
46.625
46.625
46.625
46.625
46.625
46.625
46.625
46.625
46.625
46.625
46.625
46.625
46.625
46.625
46.625
46.625
46.625
46.625
46.625
46.625
46.625
46.625
46.625
46.625
46.625
46.625
46.625
46.625
46.625
46.625
46.625
46.625
46.625
46.625
46.625
46.625
46.625
46.625
46.625
46.625
46.625
46.625
46.625
46.625
46.625
46.625
46.625
46.625
46.625
46.625
46.625
46.625
46.625
46.625
46.625
46.625
46.625
46.625
46.625
46.625
46.625
46.625
46.625
46.625
46.625
46.75
46.75
46.75
46.75
46.75
46.75
46.75
46.75
46.75
46.75
46.75
46.75
46.75
46.75
46.75
46.75
46.75
46.75
46.75
46.75
46.75
46.75
46.75
46.75
46.75
46.75
46.75
46.75
46.75
46.75
46.75
46.75
46.75
46.75
46.75
46.75
46.75
46.75
46.75
46.75
46.75
46.75
46.75
46.625
46.625
46.625
46.625
46.625
46.625
46.625
46.625
46.625
46.625
46.625
46.625
46.625
46.625
46.625
46.625
46.625
46.625
46.75
46.625
46.625
46.625
46.625
46.625
46.625
46.625
46.625
46.625
46.625
46.625
46.625
46.625
46.625
46.625
46.625
46.625
46.625
46.625
46.625
46.625
46.625
46.625
46.625
46.625
46.625
46.625
46.625
46.625
46.625
46.625
46.625
46.625
46.625
46.625
46.625
46.625
46.625
46.625
46.625
46.625
46.625
46.625
46.625
46.625
46.625
46.625
46.625
46.625
46.625
46.625
46.625
46.625
46.625
46.625
46.625
46.625
46.625
46.625
46.625
46.625
46.625
46.625
46.625
46.625
46.625
46.625
46.625
46.625
46.625
46.625
46.625
46.625
46.625
46.625
46.625
46.625
46.625
46.625
46.625
46.625
46.625
46.625
46.625
46.625
46.625
46.625
46.625
46.625
46.625
46.625
46.625
46.625
46.625
46.625
46.625
46.625
46.625
46.625
46.625
46.625
46.625
46.625
46.625
46.625
46.625
46.625
46.625
46.625
46.625
46.625
46.625
46.625
46.625
46.625
46.625
46.625
46.625
46.625
46.625
46.625
46.625
46.625
46.625
46.625
46.625
46.625
46.625
46.5
46.5
46.5
46.5
46.5
46.5
46.5
46.5
46.5
46.5
46.5
46.5
46.5
46.5
46.5
46.5
46.5
46.5
46.5
46.5
46.5
46.5
46.5
46.5
46.5
46.5
46.5
46.5
46.5
46.5
46.5
46.5
46.5
46.5
46.5
46.5
46.5
46.5
46.5
46.5
46.5
46.5
46.5
46.5
46.5
46.5
46.5
46.5
46.5
46.5
46.5
46.5
46.5
46.5
46.5
46.5
46.5
46.5
46.5
46.5
46.5
46.5
46.5
46.5
46.5
46.5
46.5
46.5
46.5
46.5
46.5
46.5
46.5
46.5
46.5
46.5
46.5
46.5
46.625
46.625
46.625
46.625
46.75
46.75
46.75
46.75
46.75
46.75
46.75
46.75
46.75
46.75
46.75
46.75
46.75
46.75
46.75
46.75
46.75
46.75
46.75
46.75
46.75
46.75
46.75
46.75
46.75
46.75
46.75
46.75
46.75
46.75
46.75
46.75
46.75
46.75
46.75
46.75
46.75
46.75
46.75
46.75
46.75
46.75
46.75
46.75
46.75
46.75
46.75
46.75
46.75
46.75
46.75
46.75
46.75
46.75
46.75
46.75
46.75
46.75
46.75
46.75
46.75
46.75
46.75
46.75
46.75
46.75
46.75
46.625
46.625
46.625
46.625
46.625
46.625
46.625
46.625
46.625
46.625
46.625
46.625
46.625
46.625
46.625
46.625
46.625
46.625
46.625
46.625
46.625
46.625
46.625
46.625
46.625
46.625
46.625
46.625
46.625
46.625
46.625
46.625
46.625
46.625
46.625
46.625
46.625
46.625
46.625
46.625
46.625
46.625
46.625
46.625
46.625
46.625
46.625
46.625
46.625
46.625
46.625
46.625
46.625
46.625
46.625
46.625
46.625
46.625
46.625
46.625
46.625
46.625
46.625
46.625
46.625
46.625
46.625
46.625
46.625
46.625
46.625
46.625
46.625
46.625
46.625
46.625
46.625
46.625
46.625
46.625
46.625
46.625
46.625
46.625
46.625
46.625
46.625
46.625
46.625
46.625
46.625
46.625
46.625
46.625
46.625
46.625
46.625
46.625
46.625
46.625
46.625
46.625
46.625
46.625
46.625
46.625
46.625
46.625
46.625
46.625
46.625
46.625
46.625
46.625
46.625
46.625
46.625
46.625
46.625
46.625
46.625
46.625
46.625
46.625
46.625
46.625
46.625
46.625
46.625
46.625
46.75
46.625
46.625
46.625
46.625
46.625
46.625
46.625
46.625
46.625
46.625
46.625
46.625
46.625
46.625
46.625
46.625
46.625
46.625
46.625
46.625
46.625
46.625
46.625
46.625
46.625
46.625
46.625
46.625
46.625
46.625
46.625
46.625
46.625
46.625
46.625
46.625
46.625
46.625
46.625
46.625
46.625
46.625
46.625
46.625
46.625
46.625
46.625
46.625
46.625
46.625
46.625
46.625
46.625
46.625
46.625
46.625
46.625
46.625
46.625
46.625
46.625
46.625
46.625
46.625
46.625
46.625
46.625
46.625
46.625
46.625
46.625
46.625
46.625
46.625
46.625
46.625
46.625
46.75
46.75
46.75
46.75
46.75
46.75
46.75
46.75
46.75
46.75
46.75
46.75
46.75
46.75
46.75
46.75
46.75
46.75
46.75
46.75
46.75
46.75
46.75
46.75
46.75
46.75
46.75
46.75
46.75
46.75
46.75
46.75
46.75
46.75
46.75
46.75
46.75
46.75
46.75
46.75
46.75
46.75
46.75
46.75
46.75
46.75
46.75
46.75
46.75
46.75
46.75
46.75
46.75
46.75
46.75
46.75
46.75
46.75
46.75
46.75
46.75
46.75
46.75
46.75
46.75
46.75
46.75
46.75
46.75
46.75
46.75
46.75
46.75
46.75
46.75
46.75
46.75
46.75
46.75
46.75
46.75
46.75
46.75
46.75
46.75
46.75
46.75
46.75
46.75
46.625
46.625
46.625
46.625
46.625
46.625
46.625
46.625
46.625
46.625
46.625
46.625
46.625
46.625
46.625
46.625
46.625
46.625
46.625
46.625
46.625
46.625
46.625
46.625
46.625
46.625
46.625
46.625
46.625
46.625
46.625
46.625
46.625
46.625
46.625
46.625
46.625
46.625
46.625
46.625
46.625
46.625
46.625
46.625
46.625
46.625
46.625
46.75
46.75
46.75
46.75
46.75
46.75
46.75
46.625
46.625
46.625
46.625
46.625
46.625
46.625
46.625
46.625
46.625
46.625
46.625
46.625
46.625
46.625
46.625
46.625
46.625
46.625
46.625
46.625
46.625
46.75
46.75
46.75
46.75
46.75
46.75
46.75
46.75
46.625
46.625
46.625
46.625
46.625
46.5
46.375
46.375
46.5
46.5
46.5
46.5
46.5
46.5
46.5
46.5
46.5
46.5
46.5
46.5
46.5
46.5
46.5
46.5
46.5
46.5
46.5
46.5
46.5
46.5
46.5
46.5
46.5
46.5
46.5
46.375
46.375
46.375
46.375
46.375
46.375
46.375
46.375
46.375
46.375
46.375
46.375
46.375
46.375
46.375
46.375
46.375
46.375
46.375
46.375
46.375
46.375
46.375
46.375
46.375
46.375
46.375
46.375
46.375
46.375
46.375
46.375
46.375
46.375
46.375
46.375
46.375
46.375
46.375
46.375
46.375
46.375
46.375
46.375
46.375
46.375
46.375
46.375
46.375
46.375
46.375
46.375
46.375
46.375
46.375
46.375
46.375
46.375
46.375
46.375
46.375
46.375
46.375
46.375
46.375
46.375
46.375
46.375
46.375
46.375
46.375
46.375
46.375
46.375
46.375
46.375
46.375
46.375
46.375
46.375
46.375
46.375
46.375
46.375
46.375
46.375
46.375
46.375
46.375
46.375
46.375
46.375
46.375
46.375
46.375
46.375
46.375
46.375
46.375
46.375
46.375
46.375
46.375
46.375
46.375
46.375
46.375
46.375
46.375
46.375
46.375
46.375
46.375
46.375
46.375
46.375
46.375
46.375
46.375
46.375
46.375
46.375
46.375
46.375
46.375
46.375
46.375
46.375
46.375
46.375
46.375
46.375
46.375
46.375
46.375
46.375
46.375
46.375
46.375
46.375
46.375
46.375
46.375
46.375
46.375
46.375
46.375
46.375
46.375
46.375
46.375
46.375
46.375
46.375
46.375
46.375
46.375
46.375
46.375
46.375
46.375
46.375
46.375
46.375
46.375
46.375
46.375
46.375
46.375
46.375
46.375
46.375
46.375
46.375
46.375
46.375
46.375
46.375
46.375
46.25
46.25
46.25
46.25
46.25
46.25
46.25
46.25
46.375
46.375
46.375
46.375
46.375
46.375
46.375
46.375
46.375
46.375
46.375
46.375
46.375
46.375
46.375
46.375
46.375
46.375
46.375
46.375
46.375
46.375
46.375
46.375
46.375
46.375
46.375
46.375
46.375
46.375
46.375
46.375
46.375
46.375
46.375
46.375
46.375
46.375
46.375
46.375
46.375
46.375
46.375
46.375
46.375
46.375
46.375
46.375
46.375
46.375
46.375
46.375
46.375
46.375
46.375
46.375
46.375
46.375
46.375
46.375
46.375
46.375
46.375
46.375
46.375
46.375
46.375
46.5
46.5
46.5
46.5
46.5
46.5
46.5
46.5
46.5
46.5
46.5
46.5
46.5
46.5
46.5
46.5
46.5
46.5
46.5
46.5
46.5
46.5
46.5
46.5
46.5
46.5
46.5
46.5
46.5
46.5
46.5
46.5
46.5
46.5
46.5
46.5
46.5
46.5
46.5
46.5
46.5
46.5
46.5
46.5
46.5
46.5
46.5
46.5
46.5
46.5
46.5
46.5
46.5
46.5
46.5
46.5
46.5
46.5
46.5
46.5
46.5
46.5
46.5
46.5
46.5
46.5
46.5
46.5
46.375
46.375
46.5
46.375
46.375
46.375
46.375
46.375
46.375
46.375
46.375
46.375
46.375
46.375
46.375
46.375
46.375
46.375
46.375
46.375
46.625
46.625
46.625
46.75
46.75
46.75
46.75
46.75
46.75
46.75
46.75
46.75
46.75
46.75
46.75
46.75
46.75
46.75
46.75
46.75
46.75
46.625
46.625
46.625
46.625
46.625
46.625
46.625
46.625
46.75
46.75
46.75
46.75
46.75
46.75
46.75
46.75
46.75
46.75
46.75
46.75
46.75
46.75
46.625
46.625
46.625
46.625
46.625
46.625
46.625
46.625
46.625
46.625
46.625
46.625
46.625
46.75
46.75
46.75
46.75
46.75
46.75
46.75
46.75
46.75
46.75
46.75
46.75
46.75
46.75
46.75
46.75
46.75
46.75
46.75
46.75
46.75
46.75
46.75
46.75
46.75
46.75
46.75
46.75
46.75
46.75
46.75
46.75
46.75
46.75
46.75
46.75
46.75
46.75
46.75
46.75
46.75
46.75
46.75
46.75
46.75
46.625
46.625
46.625
46.625
46.625
46.625
46.625
46.625
46.75
46.625
46.75
46.625
46.75
46.75
46.75
46.75
46.75
46.75
46.75
46.75
46.75
46.75
46.625
46.75
46.75
46.75
46.75
46.75
46.75
46.75
46.625
46.625
46.625
46.625
46.625
46.625
46.625
46.625
46.625
46.625
46.625
46.625
46.625
46.625
46.625
46.625
46.625
46.625
46.625
46.625
46.625
46.625
46.625
46.625
46.625
46.625
46.625
46.625
46.625
46.625
46.625
46.625
46.625
46.625
46.625
46.625
46.625
46.625
46.625
46.625
46.625
46.625
46.625
46.625
46.625
46.625
46.625
46.625
46.625
46.625
46.625
46.625
46.625
46.625
46.625
46.625
46.625
46.625
46.625
46.625
46.625
46.625
46.625
46.625
46.625
46.625
46.625
46.625
46.625
46.625
46.625
46.625
46.625
46.625
46.625
46.625
46.75
46.75
46.75
46.75
46.75
46.75
46.75
46.75
46.75
46.75
46.75
46.75
46.75
46.625
46.625
46.625
46.625
46.625
46.625
46.625
46.625
46.625
46.625
46.625
46.625
46.625
46.625
46.625
46.625
46.625
46.625
46.625
46.625
46.625
46.625
46.625
46.625
46.625
46.625
46.625
46.625
46.625
46.625
46.625
46.625
46.625
46.625
46.625
46.625
46.625
46.625
46.625
46.625
46.625
46.625
46.625
46.625
46.625
46.625
46.625
46.625
46.625
46.625
46.625
46.625
46.625
46.625
46.625
46.625
46.625
46.625
46.625
46.625
46.625
46.625
46.625
46.625
46.625
46.625
46.625
46.625
46.5
46.5
46.5
46.5
46.5
46.5
46.5
46.5
46.5
46.5
46.5
46.5
46.5
46.5
46.5
46.5
46.5
46.5
46.5
46.5
46.5
46.5
46.5
46.5
46.5
46.5
46.5
46.5
46.5
46.5
46.5
46.5
46.5
46.5
46.5
46.5
46.5
46.5
46.625
46.625
46.625
46.625
46.5
46.5
46.5
46.5
46.5
46.5
46.5
46.5
46.5
46.5
46.375
46.375
46.375
46.375
46.375
46.375
46.375
46.375
46.375
46.375
46.375
46.375
46.375
46.375
46.375
46.375
46.375
46.375
46.375
46.375
46.375
46.375
46.375
46.25
46.25
46.125
46.125
46.125
46.125
46.0
46.0
45.875
45.875
45.875
45.875
45.875
45.75
45.75
45.75
45.625
45.625
45.5
45.5
45.5
45.375
45.375
45.375
45.375
45.375
45.375
45.375
45.375
45.375
45.375
45.375
45.375
45.375
45.375
45.375
45.375
45.375
45.375
45.375
45.375
45.375
45.375
45.25
45.125
45.125
45.125
45.125
45.125
45.0
45.0
45.0
45.0
45.125
45.125
45.125
45.125
45.125
45.125
45.0
45.0
45.0
45.0
45.0
45.0
45.0
45.0
45.0
45.0
45.0
45.0
45.0
45.0
45.0
45.0
45.0
45.0
45.0
45.0
45.0
45.0
45.0
45.0
45.0
45.0
45.0
45.0
45.0
45.0
45.0
45.0
45.0
45.0
45.0
45.0
45.0
45.0
45.0
45.0
45.0
45.0
45.0
45.0
45.0
45.0
44.875
44.875
44.875
44.875
44.875
44.875
44.875
44.875
44.875
44.875
44.875
44.875
44.875
44.875
44.875
44.875
44.875
44.875
44.875
44.875
44.875
44.875
44.875
44.75
44.75
44.625
44.625
44.5
44.5
44.375
44.375
44.25
44.25
44.25
44.25
44.125
44.25
44.25
44.25
44.25
44.125
44.125
44.125
44.125
44.125
44.125
44.125
44.125
44.125
44.125
44.125
44.125
44.125
44.125
44.125
44.125
44.125
44.125
44.125
44.125
44.125
44.125
44.125
44.125
44.125
44.125
44.125
44.125
44.0
44.0
43.875
43.875
43.875
43.875
43.75
43.75
43.75
43.625
43.625
43.625
43.5
43.5
43.5
43.5
43.5
43.5
43.5
43.375
43.375
43.25
43.25
43.25
43.25
43.25
43.25
43.25
43.25
43.25
43.25
43.375
43.375
43.375
43.375
43.375
43.375
43.375
43.375
43.25
43.25
43.25
43.25
43.25
43.25
43.25
43.25
43.25
43.25
43.25
43.25
43.25
43.25
43.25
43.25
43.25
43.25
43.25
43.25
43.25
43.25
43.25
43.25
43.25
43.25
43.25
43.25
43.25
43.25
43.25
43.25
43.25
43.25
43.25
43.25
43.25
43.25
43.25
43.25
43.25
43.25
43.25
43.25
43.25
43.25
43.25
43.25
43.25
43.25
43.25
43.25
43.25
43.25
43.25
43.25
43.25
43.25
43.25
43.25
43.25
43.25
43.25
43.25
43.25
43.25
43.25
43.25
43.25
43.25
43.25
43.25
43.25
43.25
43.25
43.25
43.25
43.25
43.25
43.25
43.25
43.25
43.25
43.25
43.25
43.25
43.25
43.25
43.25
43.25
43.25
43.25
43.25
43.25
43.25
43.25
43.25
43.25
43.25
43.25
43.25
43.25
43.25
43.25
43.25
43.25
43.25
43.25
43.25
43.25
43.25
43.25
43.25
43.25
43.25
43.25
43.25
43.25
43.25
43.25
43.25
43.25
43.25
43.25
43.25
43.25
43.25
43.25
43.25
43.25
43.25
43.25
43.375
43.375
43.375
43.375
43.375
43.375
43.5
43.5
43.5
43.5
43.375
43.5
43.375
43.5
43.375
43.375
43.375
43.375
43.375
43.375
43.375
43.375
43.375
43.375
43.375
43.375
43.5
43.625
43.625
43.75
43.75
43.875
44.0
44.0
44.0
44.125
44.125
44.25
44.25
44.375
44.375
44.375
44.375
44.375
44.375
44.375
44.375
44.25
44.25
44.125
44.125
44.0
43.875
43.875
43.875
43.875
43.875
43.875
43.875
43.875
43.875
44.0
44.125
44.125
44.125
44.125
44.125
44.125
44.125
44.125
44.125
44.125
44.125
44.125
44.125
44.125
44.125
44.125
44.125
44.125
44.125
44.125
44.125
44.125
44.125
44.125
44.125
44.125
44.125
44.125
44.125
44.125
44.125
44.125
44.125
44.125
44.0
44.0
44.0
44.0
44.0
44.0
44.0
44.0
44.0
44.0
44.0
44.0
44.0
44.0
44.0
43.875
43.875
43.875
43.875
43.875
43.875
43.875
43.875
43.875
44.0
44.0
44.0
44.0
44.0
44.0
44.0
44.0
44.0
44.0
44.0
44.0
44.0
44.0
44.0
44.0
43.875
43.875
43.875
43.875
43.875
43.75
43.75
43.75
43.75
43.625
43.625
43.625
43.625
43.5
43.5
43.5
43.375
43.375
43.375
43.25
43.25
43.25
43.125
43.125
43.0
43.0
42.875
42.875
42.875
42.75
42.75
42.75
42.75
42.75
42.75
42.75
42.75
42.75
42.75
42.75
42.75
42.75
42.75
42.75
42.875
42.875
43.0
43.0
43.125
43.125
43.125
43.25
43.375
43.375
43.375
43.375
43.375
43.375
43.5
43.5
43.5
43.5
43.5
43.5
43.5
43.5
43.5
43.5
43.5
43.5
43.5
43.5
43.5
43.5
43.5
43.5
43.5
43.5
43.625
43.625
43.625
43.625
43.625
43.625
43.625
43.625
43.625
43.625
43.625
43.625
43.625
43.625
43.625
43.625
43.625
43.625
43.625
43.625
43.625
43.625
43.5
43.5
43.625
43.625
43.625
43.625
43.625
43.625
43.625
43.625
43.625
43.625
43.625
43.625
43.625
43.625
43.625
43.625
43.625
43.625
43.625
43.625
43.625
43.625
43.625
43.625
43.625
43.625
43.625
43.625
43.625
43.625
43.5
43.5
43.5
43.5
43.5
43.5
43.5
43.5
43.5
43.5
43.375
43.375
43.375
43.375
43.25
43.25
43.25
43.25
43.25
43.25
43.25
43.25
43.125
43.125
43.125
43.125
43.125
43.125
43.125
43.125
43.125
43.125
43.125
43.125
43.125
43.125
43.125
43.125
43.125
43.125
43.125
43.125
43.125
43.125
43.125
43.125
43.125
43.0
43.0
43.0
43.0
43.0
43.125
43.125
43.125
43.125
43.125
43.125
43.125
43.125
43.125
43.125
43.125
43.0
43.0
43.0
43.0
43.0
43.0
43.0
43.0
43.0
43.0
43.0
43.0
43.0
43.0
43.0
43.0
43.0
43.0
43.0
43.0
43.0
43.0
43.0
43.0
43.0
43.0
43.0
43.0
43.0
43.0
43.125
43.125
43.125
43.125
43.125
43.125
43.125
43.125
43.125
43.0
43.0
43.0
43.0
43.0
43.0
43.0
43.0
43.0
43.0
43.0
43.0
43.0
43.0
43.0
43.0
43.0
43.0
43.0
43.0
43.0
43.0
43.0
43.0
43.0
43.0
43.0
43.0
43.0
43.125
43.125
43.25
43.375
43.5
43.625
43.625
43.625
43.625
43.625
43.625
43.625
43.625
43.625
43.625
43.625
43.625
43.625
43.625
43.625
43.625
43.625
43.625
43.5
43.5
43.625
43.5
43.5
43.625
43.625
43.625
43.625
43.625
43.625
43.625
43.625
43.625
43.625
43.625
43.625
43.625
43.625
43.625
43.625
43.625
43.625
43.625
43.625
43.5
43.375
43.25
43.125
43.125
43.0
42.875
42.75
42.75
42.75
42.75
42.75
42.75
42.75
42.75
42.75
42.75
42.75
42.75
42.875
42.75
42.75
42.875
42.875
42.875
42.875
42.875
42.875
42.875
42.875
42.875
42.875
42.875
42.875
42.875
42.875
42.875
42.875
42.875
42.875
43.0
43.0
43.0
43.125
43.125
43.25
43.5
43.75
43.875
43.875
44.0
44.125
44.25
44.25
44.375
44.375
44.625
44.625
44.75
44.875
44.875
44.875
44.875
44.875
44.875
44.875
44.875
44.875
44.875
44.875
44.875
44.875
44.875
44.875
44.875
44.875
44.875
44.875
44.875
44.875
44.875
44.875
44.875
44.875
44.875
44.875
44.875
44.875
44.875
44.875
44.875
44.875
44.875
44.875
44.875
45.0
45.0
45.0
45.0
45.0
45.0
45.0
45.0
44.875
45.0
45.0
45.0
44.875
45.0
45.0
45.0
45.0
45.0
45.0
45.0
45.0
45.0
45.0
45.0
45.0
45.0
45.0
45.0
45.0
45.0
45.0
45.0
45.0
45.0
45.0
45.0
45.0
45.0
45.0
45.0
45.0
45.0
45.0
45.0
45.0
45.0
45.0
45.0
45.0
45.0
45.0
45.0
45.0
45.0
45.0
45.0
45.0
45.0
45.0
45.0
45.0
45.0
45.0
45.0
45.0
45.0
45.0
45.0
45.0
45.0
45.0
45.0
45.0
45.0
45.0
45.0
45.0
45.0
45.0
45.125
45.125
45.125
45.125
45.125
45.25
45.25
45.25
45.375
45.375
45.375
45.375
45.375
45.375
45.375
45.5
45.5
45.5
45.5
45.5
45.5
45.5
45.5
45.5
45.5
45.5
45.5
45.5
45.5
45.5
45.5
45.5
45.5
45.5
45.625
45.625
45.625
45.625
45.625
45.625
45.625
45.625
45.625
45.625
45.625
45.625
45.625
45.625
45.625
45.625
45.625
45.625
45.625
45.625
45.625
45.625
45.625
45.625
45.625
45.625
45.625
45.5
45.5
45.5
45.5
45.5
45.5
45.5
45.5
45.5
45.5
45.5
45.5
45.5
45.5
45.5
45.625
45.625
45.625
45.625
45.625
45.5
45.5
45.5
45.5
45.5
45.5
45.5
45.5
45.5
45.5
45.5
45.5
45.625
45.5
45.5
45.5
45.625
45.5
45.5
45.5
45.5
45.5
45.5
45.5
45.5
45.5
45.5
45.5
45.5
45.5
45.5
45.5
45.5
45.5
45.5
45.5
45.5
45.5
45.5
45.5
45.5
45.5
45.5
45.5
45.5
45.5
45.5
45.5
45.5
45.5
45.5
45.5
45.5
45.5
45.5
45.5
45.5
45.625
45.625
45.625
45.625
45.625
45.625
45.625
45.625
45.625
45.625
45.625
45.625
45.625
45.5
45.5
45.5
45.375
45.375
45.375
45.25
45.25
45.125
45.125
45.0
45.0
44.875
44.875
44.75
44.75
44.625
44.625
44.5
44.5
44.375
44.375
44.25
44.75
45.125
45.125
45.125
45.125
45.125
45.125
45.0
45.0
45.0
45.0
45.0
45.0
45.0
44.875
44.875
44.875
44.75
44.75
44.625
44.625
44.5
44.5
44.5
44.375
44.375
44.375
44.25
44.25
44.25
44.125
44.125
44.0
44.0
43.875
43.875
43.75
43.75
43.625
43.625
43.625
43.5
43.5
43.5
43.375
43.375
43.375
43.25
43.25
43.25
43.25
43.125
43.125
43.125
43.0
43.0
43.0
43.0
43.0
43.0
43.0
43.0
43.0
43.0
43.0
43.0
43.0
43.0
43.0
43.0
43.0
43.0
43.0
43.0
43.0
43.125
43.125
43.125
43.125
43.125
43.125
43.0
43.0
43.0
43.0
43.0
43.0
43.0
43.0
43.0
43.0
43.0
43.0
43.0
43.0
43.0
43.0
43.0
43.0
43.0
43.0
43.0
43.0
43.0
43.0
43.0
43.0
43.0
43.0
43.0
43.0
43.0
43.0
43.0
43.0
43.0
43.0
43.0
43.0
43.0
43.0
43.0
43.0
43.0
43.0
43.0
43.0
43.0
43.0
43.0
43.0
43.0
43.0
43.0
43.0
43.0
43.0
43.0
43.0
43.0
43.0
43.0
43.0
43.0
43.0
43.0
43.0
43.0
43.0
43.0
43.0
43.0
43.0
43.0
43.0
43.0
43.0
43.0
43.0
43.0
43.0
43.0
43.0
43.0
43.0
43.0
43.0
43.0
43.0
43.0
43.0
43.0
43.0
43.0
43.0
42.875
42.875
42.875
42.875
42.875
42.875
42.875
42.875
42.875
42.875
42.875
42.875
42.875
42.875
42.875
42.875
42.875
42.875
42.875
42.875
42.875
42.875
42.875
42.875
42.875
42.875
42.875
42.875
42.875
42.875
42.875
42.875
42.875
42.875
42.875
42.875
42.875
42.875
42.875
42.875
42.875
42.875
42.875
42.875
42.875
42.875
42.875
42.875
42.875
42.875
42.875
42.875
42.875
42.875
42.875
42.875
42.875
42.875
42.875
42.875
42.75
42.75
42.75
42.75
42.75
42.75
42.875
42.75
42.875
42.875
42.875
42.875
42.875
42.875
42.875
42.875
42.875
42.875
42.875
42.875
42.875
42.875
42.875
42.875
42.875
42.875
42.875
42.875
42.875
42.875
42.875
42.875
42.875
42.875
42.875
42.875
42.875
42.875
42.875
42.875
42.875
42.875
42.875
42.875
42.875
42.875
42.875
42.875
42.875
42.875
42.875
42.875
42.875
42.875
42.875
42.875
42.875
42.875
42.875
42.875
42.875
42.875
42.875
42.875
42.875
42.875
42.875
42.875
42.875
42.875
42.875
42.875
42.875
42.875
42.875
42.875
42.875
42.875
42.875
42.875
42.875
42.875
42.875
42.875
42.875
42.875
42.875
42.875
42.875
42.875
42.875
42.875
42.875
42.875
42.875
42.875
42.875
42.875
42.875
42.875
42.875
42.875
42.875
42.875
42.875
43.0
43.0
43.0
43.125
43.125
43.25
43.375
43.5
43.625
43.75
43.875
44.0
44.125
44.125
44.25
44.25
44.25
44.25
44.25
44.375
44.375
44.375
44.375
44.375
44.375
44.375
44.375
44.375
44.375
44.375
44.375
44.375
44.375
44.5
44.5
44.625
44.75
44.875
45.0
45.0
45.125
45.125
45.25
45.25
45.375
45.5
45.625
45.75
45.875
45.875
46.0
46.0
46.125
46.125
46.125
46.25
46.25
46.25
46.375
46.375
46.375
46.375
46.375
46.375
46.375
46.375
46.375
46.375
46.375
46.375
46.375
46.375
46.375
46.375
46.375
46.375
46.375
46.375
46.375
46.375
46.375
46.375
46.375
46.375
46.375
46.375
46.375
46.375
46.375
46.375
46.375
46.375
46.375
46.375
46.375
46.375
46.375
46.375
46.375
46.375
46.375
46.375
46.375
46.375
46.375
46.375
46.375
46.375
46.375
46.25
46.25
46.25
46.375
46.375
46.375
46.25
46.25
46.375
46.375
46.375
46.375
46.375
46.375
46.375
46.375
46.375
46.375
46.375
46.375
46.375
46.375
46.375
46.375
46.375
46.375
46.375
46.375
46.375
46.375
46.375
46.375
46.375
46.375
46.375
46.375
46.375
46.375
46.375
46.375
46.375
46.375
46.375
46.375
46.375
46.375
46.375
46.375
46.375
46.375
46.375
46.375
46.375
46.375
46.375
46.375
46.375
46.25
46.25
46.25
46.375
46.375
46.375
46.375
46.375
46.25
46.25
46.25
46.25
46.25
46.25
46.25
46.25
46.25
46.25
46.25
46.25
46.25
46.25
46.25
46.25
46.25
46.25
46.25
46.25
46.25
46.25
46.25
46.25
46.25
46.25
46.25
46.25
46.25
46.25
46.25
46.25
46.25
46.25
46.25
46.25
46.25
46.25
46.25
46.25
46.25
46.25
46.25
46.25
46.25
46.25
46.25
46.375
46.375
46.375
46.375
46.375
46.375
46.375
46.375
46.375
46.375
46.375
46.375
46.375
46.375
46.375
46.375
46.375
46.375
46.375
46.375
46.375
46.375
46.375
46.375
46.375
46.375
46.375
46.375
46.375
46.375
46.375
46.375
46.375
46.375
46.375
46.25
46.25
46.25
46.25
46.25
46.25
46.25
46.25
46.25
46.25
46.25
46.25
46.25
46.25
46.25
46.25
46.25
46.25
46.25
46.25
46.25
46.25
46.25
46.25
46.125
46.125
46.125
46.125
46.0
46.0
45.875
45.875
45.75
45.75
45.625
45.625
45.625
45.5
45.375
45.375
45.375
45.25
45.25
45.125
45.125
45.0
45.0
44.875
44.875
44.875
44.875
44.875
44.875
44.75
44.75
44.75
44.75
44.875
44.875
44.875
44.875
44.875
44.875
44.875
44.875
44.875
44.875
44.875
44.875
44.875
44.875
44.875
44.875
44.875
44.875
44.875
44.875
44.875
44.875
44.875
44.875
44.875
44.875
44.875
44.875
44.875
44.875
44.875
44.875
44.875
44.875
44.875
44.875
44.875
44.875
44.875
44.875
44.875
44.875
44.875
44.875
44.875
44.875
44.875
44.875
44.875
44.875
44.875
44.875
44.875
44.875
44.875
44.875
44.875
44.875
44.875
44.875
44.875
44.875
44.875
44.875
44.875
44.875
44.875
44.875
44.875
44.875
44.875
44.875
44.875
44.875
44.875
44.875
44.875
44.875
44.875
44.875
44.875
44.875
44.875
44.875
44.875
44.875
44.875
44.875
44.875
44.875
44.875
44.75
44.75
44.75
44.875
44.875
44.75
44.75
44.75
44.75
44.75
44.75
44.75
44.75
44.75
44.75
44.75
44.75
44.75
44.75
44.75
44.75
44.625
44.625
44.625
44.625
44.625
44.625
44.625
44.625
44.625
44.625
44.625
44.625
44.625
44.625
44.625
44.625
44.625
44.625
44.625
44.625
44.625
44.625
44.625
44.625
44.625
44.625
44.625
44.625
44.625
44.625
44.625
44.625
44.625
44.625
44.625
44.625
44.625
44.625
44.625
44.625
44.5
44.5
44.5
44.5
44.5
44.5
44.5
44.5
44.5
44.5
44.5
44.5
44.5
44.5
44.5
44.5
44.5
44.375
44.375
44.375
44.375
44.375
44.375
44.375
44.375
44.375
44.375
44.375
44.375
44.375
44.375
44.375
44.375
44.375
44.375
44.375
44.375
44.375
44.375
44.375
44.375
44.375
44.375
44.375
44.375
44.375
44.375
44.375
44.375
44.375
44.375
44.375
44.375
44.375
44.375
44.375
44.375
44.375
44.375
44.375
44.375
44.375
44.375
44.375
44.375
44.375
44.375
44.375
44.5
44.5
44.5
44.5
44.5
44.5
44.5
44.5
44.5
44.375
44.375
44.375
44.375
44.375
44.375
44.375
44.375
44.375
44.375
44.375
44.375
44.375
44.375
44.375
44.375
44.375
44.375
44.375
44.375
44.375
44.375
44.375
44.375
44.375
44.375
44.375
44.375
44.375
44.375
44.375
44.375
44.375
44.375
44.375
44.375
44.375
44.375
44.375
44.375
44.375
44.375
44.375
44.375
44.375
44.375
44.375
44.375
44.375
44.375
44.375
44.375
44.375
44.375
44.375
44.375
44.375
44.375
44.375
44.375
44.375
44.375
44.375
44.375
44.375
44.375
44.375
44.375
44.375
44.375
44.375
44.375
44.375
44.375
44.375
44.375
44.375
44.5
44.5
44.5
44.5
44.5
44.5
44.5
44.5
44.5
44.5
44.5
44.5
44.5
44.5
44.5
44.5
44.5
44.5
44.5
44.5
44.375
44.375
44.25
44.25
44.25
44.25
44.125
44.125
44.125
44.125
44.25
44.25
44.25
44.375
44.5
44.625
44.625
44.75
44.875
45.0
45.125
45.25
45.375
45.375
45.5
45.5
45.5
45.5
45.5
45.5
45.5
45.5
45.5
45.5
45.5
45.5
45.375
45.375
45.375
45.25
45.25
45.25
45.25
45.25
45.25
45.25
45.25
45.125
45.125
45.125
45.125
45.125
45.0
45.0
45.0
45.0
45.0
45.0
45.0
45.0
45.0
44.875
44.875
44.875
44.875
44.875
44.875
44.875
44.875
44.875
44.875
44.875
44.875
44.875
44.875
44.875
44.875
44.875
44.875
44.875
44.875
44.875
44.875
44.875
44.875
44.875
44.875
44.875
44.875
44.875
45.0
45.0
45.0
45.0
45.0
45.0
45.0
45.0
45.0
45.0
45.0
45.0
45.0
45.0
45.0
45.0
45.0
45.0
45.0
45.0
45.0
45.0
45.0
45.0
45.0
45.0
45.0
45.0
45.0
45.0
45.0
45.0
45.0
45.0
45.0
45.0
45.0
45.0
45.0
45.0
45.0
45.0
45.125
45.0
45.0
45.0
45.0
45.0
45.0
45.0
45.0
45.125
45.125
45.125
45.125
45.125
45.125
45.125
45.125
45.125
45.125
45.125
45.125
45.125
45.125
45.125
45.125
45.125
45.125
45.125
45.125
45.125
45.125
45.125
45.125
45.125
45.125
45.0
45.0
45.125
45.0
45.0
45.0
45.0
45.0
45.0
45.0
45.0
45.0
45.0
45.0
45.0
45.0
45.0
45.0
45.0
44.875
44.875
44.875
44.875
44.875
44.75
44.75
44.75
44.625
44.625
44.625
44.625
44.5
44.625
44.5
44.5
44.375
44.25
44.25
44.125
44.0
44.0
43.875
43.875
43.75
43.75
43.625
43.625
43.5
43.5
43.5
43.5
43.5
43.5
43.5
43.5
43.5
43.5
43.375
43.5
43.375
43.375
43.375
43.375
43.375
43.375
43.375
43.375
43.375
43.375
43.375
43.375
43.375
43.375
43.375
43.375
43.375
43.375
43.375
43.375
43.375
43.375
43.375
43.375
43.375
43.375
43.375
43.375
43.375
43.375
43.375
43.375
43.375
43.375
43.375
43.375
43.375
43.375
43.375
43.375
43.375
43.375
43.375
43.375
43.375
43.25
43.25
43.25
43.25
43.25
43.25
43.25
43.25
43.25
43.25
43.25
43.25
43.25
43.25
43.25
43.25
43.25
43.25
43.25
43.25
43.25
43.25
43.25
43.25
43.25
43.25
43.25
43.25
43.25
43.25
43.25
43.25
43.125
43.125
43.125
43.125
43.125
43.125
43.125
43.125
43.125
43.125
43.125
43.125
43.125
43.125
43.125
43.125
43.125
43.125
43.125
43.125
43.125
43.125
43.0
43.0
43.0
43.0
43.0
42.875
42.875
42.875
42.875
42.875
42.875
42.875
42.875
42.875
42.875
42.875
42.875
42.75
42.75
42.625
42.625
42.625
42.5
42.375
42.25
42.25
42.125
42.0
41.875
41.75
41.75
41.625
41.5
41.375
41.375
41.25
41.125
41.0
40.875
40.75
40.75
40.625
40.5
40.375
40.25
40.125
40.125
40.0
39.875
39.75
39.625
39.5
39.5
39.375
39.25
39.125
39.0
38.875
38.875
38.75
38.625
38.5
38.375
38.25
38.125
38.125
38.0
37.875
37.75
37.625
37.5
37.5
37.375
37.25
37.25
37.125
37.0
37.0
36.875
36.875
36.75
36.625
36.625
36.5
36.375
36.375
36.375
36.25
36.125
36.125
36.0
36.0
35.875
35.75
35.75
35.625
35.5
35.5
35.375
35.25
35.25
35.125
35.125
35.0
34.875
34.875
34.75
34.625
34.625
34.5
34.375
34.375
34.25
34.125
34.125
34.0
33.875
33.875
33.75
33.625
33.625
33.5
33.5
33.375
33.25
33.25
33.125
33.0
33.0
32.875
32.75
32.75
32.625
32.5
32.5
32.375
32.375
32.25
32.25
32.25
32.25
32.25
32.25
32.25
32.25
32.25
32.25
32.25
32.25
32.25
32.25
32.125
32.125
32.125
32.125
32.125
32.125
32.125
32.125
32.125
32.125
32.125
32.125
32.125
32.125
32.125
32.125
32.125
32.125
32.125
32.125
32.125
32.125
32.125
32.125
32.125
32.125
32.125
32.125
32.125
32.125
32.125
32.125
32.125
32.25
32.25
32.25
32.25
32.25
32.25
32.25
32.125
32.0
32.0
32.0
32.0
32.0
32.0
31.875
31.875
31.75
31.75
31.75
31.75
31.75
31.75
31.625
31.5
31.5
31.5
31.5
31.375
31.375
31.375
31.375
31.375
31.375
31.375
31.375
31.5
31.625
31.625
31.625
31.625
31.75
31.75
31.75
31.75
31.875
32.0
32.0
32.125
32.375
32.625
32.625
32.875
32.875
33.0
33.0
33.0
33.0
33.125
33.125
33.125
33.125
33.125
33.125
33.125
33.125
33.125
33.125
33.25
33.125
33.125
33.125
33.125
33.125
33.125
33.125
33.125
33.125
33.125
33.125
33.125
33.125
33.125
33.125
33.125
33.125
33.125
33.125
33.125
33.125
33.125
33.125
33.125
33.125
33.125
33.125
33.125
33.25
33.25
33.25
33.25
33.25
33.25
33.25
33.25
33.25
33.25
33.25
33.25
33.375
33.375
33.375
33.375
33.375
33.375
33.375
33.375
33.375
33.375
33.375
33.375
33.375
33.375
33.375
33.375
33.375
33.375
33.375
33.375
33.375
33.375
33.375
33.375
33.375
33.375
33.375
33.375
33.375
33.375
33.375
33.5
33.5
33.5
33.5
33.5
33.5
33.5
33.5
33.5
33.5
33.5
33.5
33.5
33.5
33.5
33.5
33.5
33.5
33.5
33.5
33.5
33.625
33.625
33.625
33.625
33.625
33.625
33.625
33.625
33.625
33.625
33.625
33.625
33.625
33.75
33.75
33.875
33.875
34.0
34.25
35.0
35.625
36.25
36.875
37.5
38.25
38.875
39.625
40.0
40.25
40.5
40.75
41.0
41.25
41.375
41.625
41.875
42.125
42.375
42.5
42.75
43.0
43.25
43.5
43.625
43.875
44.125
44.25
44.5
44.75
45.0
45.125
45.125
45.125
45.125
45.125
45.25
45.25
45.25
45.125
45.125
45.125
45.125
45.25
45.25
45.25
45.25
45.25
45.25
45.25
45.25
45.25
45.25
45.25
45.25
45.25
45.25
45.25
45.25
45.25
45.25
45.25
45.25
45.25
45.25
45.25
45.25
45.25
45.25
45.25
45.125
45.125
45.125
45.125
45.125
45.0
45.0
45.0
45.0
44.875
44.875
44.875
44.75
44.75
44.75
44.75
44.75
44.75
44.75
44.625
44.625
44.875
44.875
44.875
44.875
44.875
45.0
45.0
45.0
45.125
45.125
45.125
45.125
45.125
45.125
45.125
45.125
45.125
45.125
45.125
45.125
45.125
45.125
45.125
45.125
45.125
45.125
45.125
45.125
45.25
45.25
45.25
45.25
45.25
45.25
45.25
45.25
45.25
45.25
45.25
45.25
45.25
45.25
45.25
45.25
45.25
45.25
45.25
45.25
45.25
45.25
45.25
45.25
45.25
45.25
45.25
45.25
45.25
45.25
45.25
45.25
45.25
45.25
45.25
45.25
45.25
45.25
45.25
45.25
45.25
45.25
45.25
45.25
45.25
45.25
45.25
45.25
45.25
45.25
45.25
45.25
45.25
45.25
45.25
45.25
45.25
45.25
45.25
45.25
45.25
45.25
45.25
45.25
45.25
45.25
45.25
45.25
45.25
45.25
45.25
45.25
45.25
45.25
45.25
45.25
45.25
45.25
45.25
45.25
45.125
45.125
45.125
45.125
45.125
45.125
45.125
45.125
45.125
45.125
45.125
45.125
45.125
45.125
45.125
45.125
45.125
45.125
45.125
45.125
45.125
45.125
45.125
45.125
45.125
45.125
45.125
45.125
45.125
45.125
45.125
45.125
45.125
45.125
45.125
45.125
45.125
45.0
45.0
45.0
45.0
45.0
45.0
45.0
45.0
45.0
45.0
45.0
45.0
45.0
45.0
45.0
44.875
44.875
44.875
44.875
44.875
44.875
44.875
44.75
44.75
44.75
44.75
44.75
44.75
44.75
44.75
44.75
44.75
44.75
44.75
44.75
44.75
44.75
44.75
44.75
44.75
44.75
44.75
44.75
44.75
44.75
44.75
44.75
44.75
44.75
44.75
44.75
44.75
44.75
44.75
44.75
44.75
44.75
44.75
44.75
44.75
44.75
44.75
44.75
44.75
44.75
44.75
44.75
44.75
44.75
44.75
44.75
44.75
44.75
44.75
44.75
44.75
44.75
44.75
44.75
44.75
44.75
44.75
44.75
44.75
44.75
44.75
44.75
44.75
44.75
44.75
44.75
44.75
44.75
44.75
44.75
44.75
44.75
44.75
44.75
44.75
44.75
44.75
44.75
44.75
44.75
44.75
44.75
44.75
44.75
44.75
44.75
44.75
44.75
44.75
44.75
44.75
44.75
44.75
44.75
44.75
44.75
44.75
44.75
44.75
44.75
44.75
44.75
44.75
44.75
44.75
44.75
44.75
44.75
44.75
44.75
44.75
44.75
44.75
44.75
44.75
44.75
44.75
44.75
44.75
44.875
44.875
44.875
44.75
44.75
44.75
44.75
44.75
44.875
44.875
44.875
44.875
44.875
44.875
44.875
44.875
44.75
44.875
44.875
44.875
44.875
44.875
44.875
44.875
44.875
44.875
44.875
44.875
44.875
44.875
44.875
44.875
44.875
44.875
44.875
44.875
44.875
44.875
44.875
44.875
44.875
44.875
44.875
44.875
44.875
44.875
44.875
44.875
44.875
44.875
44.875
44.875
44.875
45.0
45.0
45.0
45.0
45.125
45.125
45.125
45.25
45.25
45.375
45.375
45.375
45.5
45.625
45.625
45.625
45.625
45.75
45.625
45.75
45.75
45.75
45.75
45.875
45.875
45.875
45.875
45.875
45.875
45.875
45.875
45.875
45.875
45.875
45.875
45.875
45.875
45.875
45.875
45.875
45.875
45.875
45.875
45.875
45.875
45.875
45.875
45.875
45.875
45.875
45.875
45.875
45.875
45.875
45.875
45.875
45.875
45.875
45.875
45.875
45.875
45.875
45.875
45.875
45.875
45.875
45.875
45.75
45.75
45.75
45.75
45.75
45.75
45.75
45.75
45.75
45.75
45.75
45.75
45.75
45.75
45.75
45.75
45.75
45.75
45.75
45.75
45.75
45.75
45.75
45.75
45.75
45.75
45.75
45.75
45.75
45.75
45.75
45.75
45.75
45.75
45.75
45.75
45.75
45.75
45.75
45.75
45.75
45.75
45.75
45.75
45.75
45.75
45.75
45.75
45.625
45.625
45.625
45.625
45.625
45.625
45.625
45.625
45.625
45.625
45.625
45.625
45.625
45.75
45.75
45.75
45.75
45.75
45.75
45.75
45.75
45.75
45.75
45.75
45.75
45.75
45.75
45.75
45.75
45.75
45.625
45.625
45.75
45.75
45.75
45.75
45.75
45.75
45.75
45.75
45.75
45.75
45.75
45.75
45.75
45.75
45.75
45.75
45.75
45.75
45.75
45.75
45.75
45.75
45.75
45.75
45.75
45.75
45.75
45.75
45.75
45.875
45.875
45.875
45.875
46.0
46.0
46.0
46.0
46.0
46.0
46.0
46.0
46.0
46.0
46.0
46.0
46.0
46.0
46.0
46.0
46.0
46.0
46.0
46.0
46.0
46.0
46.0
46.0
46.0
46.0
46.0
46.0
46.0
46.0
46.0
46.0
46.0
46.0
46.0
46.0
46.0
46.0
46.0
46.0
46.125
46.0
46.125
46.125
46.125
46.125
46.125
46.125
46.125
46.0
46.0
46.0
46.0
46.0
46.0
46.0
46.0
46.0
46.0
46.0
46.0
46.0
46.0
46.0
46.0
46.0
46.0
46.0
46.0
46.0
46.0
46.0
45.875
45.875
45.875
45.875
45.875
45.875
45.875
45.875
45.875
45.875
45.875
45.875
45.875
45.875
45.875
45.875
45.875
45.875
45.875
45.875
45.875
45.875
45.875
45.875
45.875
45.875
45.875
45.875
45.875
45.875
45.875
45.875
45.875
45.875
45.875
45.875
45.875
45.875
45.875
45.875
45.875
45.875
45.75
45.75
45.75
45.625
45.625
45.5
45.5
45.375
45.375
45.375
45.25
45.25
45.25
45.25
45.25
45.25
45.25
45.25
45.25
45.25
45.25
45.25
45.25
45.25
45.25
45.25
45.25
45.25
45.25
45.25
45.25
45.25
45.25
45.25
45.25
45.25
45.25
45.25
45.25
45.125
45.125
45.125
45.125
45.125
45.125
45.125
45.125
45.125
45.125
45.125
45.125
45.125
45.125
45.125
45.125
45.125
45.125
45.125
45.125
45.0
45.0
44.875
44.875
44.875
44.875
44.875
44.875
44.875
44.875
44.875
44.875
44.875
44.875
44.875
44.875
44.875
44.875
44.875
44.875
44.875
44.875
44.875
44.875
44.875
44.875
44.875
44.875
44.875
44.875
44.875
44.875
44.875
44.875
44.875
44.875
44.875
44.875
44.875
44.875
44.875
44.875
44.875
44.875
44.875
44.875
44.875
44.875
44.875
44.875
44.875
44.875
44.875
44.875
44.875
44.875
44.875
44.875
44.875
44.875
44.875
44.875
44.875
44.875
44.875
44.875
44.875
44.875
44.875
44.875
44.875
44.875
44.875
44.875
44.875
44.875
44.875
45.0
45.0
45.0
45.0
45.0
45.0
45.0
45.0
45.0
45.0
45.0
45.0
45.0
45.0
45.0
45.0
45.0
45.0
45.0
45.0
45.0
45.0
45.0
45.0
45.0
45.0
45.0
45.0
45.0
45.0
45.0
45.0
45.125
45.0
45.0
45.0
45.0
45.0
45.0
45.0
45.0
45.0
45.0
45.0
45.0
45.0
45.0
45.0
45.0
45.0
45.125
45.125
45.125
45.125
45.125
45.125
45.125
45.125
45.125
45.125
45.125
45.125
45.125
45.125
45.125
45.125
45.125
45.125
45.125
45.125
45.125
45.125
45.125
45.125
45.125
45.125
45.125
45.125
45.125
45.125
45.25
45.25
45.25
45.25
45.25
45.25
45.25
45.25
45.25
45.25
45.25
45.25
45.125
45.125
45.125
45.125
45.125
45.125
45.125
45.125
45.125
45.125
45.125
45.125
45.125
45.125
45.125
45.125
45.125
45.125
45.125
45.125
45.125
45.125
45.125
45.125
45.125
45.125
45.125
45.125
45.125
45.125
45.125
45.0
45.0
45.0
45.0
45.0
45.0
45.0
45.0
45.0
45.0
45.0
45.0
45.0
45.0
45.0
45.0
44.875
44.875
44.75
44.75
44.625
44.5
44.5
44.375
44.375
44.375
44.375
44.375
44.375
44.375
44.375
44.375
44.25
44.25
44.25
44.25
44.25
44.25
44.25
44.25
44.25
44.25
44.25
44.25
44.25
44.375
44.375
44.375
44.375
44.375
44.375
44.375
44.375
44.375
44.375
44.375
44.375
44.375
44.375
44.375
44.375
44.375
44.375
44.375
44.375
44.375
44.5
44.5
44.5
44.5
44.5
44.5
44.5
44.5
44.5
44.5
44.5
44.5
44.5
44.5
44.5
44.5
44.5
44.5
44.5
44.5
44.5
44.5
44.5
44.5
44.5
44.5
44.5
44.5
44.5
44.5
44.5
44.5
44.5
44.5
44.5
44.5
44.5
44.5
44.5
44.625
44.625
44.75
44.75
44.875
45.0
45.0
45.125
45.25
45.25
45.25
45.25
45.25
45.25
45.25
45.25
45.25
45.25
45.25
45.25
45.25
45.25
45.25
45.25
45.25
45.25
45.25
45.25
45.25
45.25
45.25
45.25
45.25
45.25
45.25
45.25
45.375
45.375
45.375
45.375
45.375
45.375
45.375
45.375
45.375
45.375
45.375
45.375
45.375
45.375
45.375
45.375
45.375
45.375
45.5
45.5
45.625
45.625
45.625
45.75
45.75
45.75
45.75
45.75
45.75
45.75
45.75
45.75
45.75
45.75
45.75
45.75
45.75
45.75
45.75
45.75
45.75
45.75
45.75
45.75
45.75
45.75
45.75
45.75
45.75
45.75
45.75
45.75
45.75
45.75
45.75
45.75
45.75
45.75
45.75
45.75
45.75
45.75
45.75
45.75
45.75
45.75
45.75
45.75
45.75
45.75
45.75
45.75
45.75
45.75
45.75
45.75
45.75
45.75
45.75
45.75
45.75
45.75
45.75
45.75
45.75
45.75
45.75
45.75
45.75
45.75
45.75
45.75
45.75
45.75
45.75
45.75
45.75
45.75
45.75
45.75
45.75
45.75
45.75
45.75
45.75
45.75
45.75
45.75
45.625
45.625
45.625
45.625
45.625
45.625
45.625
45.625
45.625
45.625
45.625
45.625
45.625
45.625
45.625
45.625
45.625
45.625
45.625
45.625
45.625
45.625
45.625
45.625
45.625
45.625
45.5
45.5
45.5
45.5
45.5
45.5
45.375
45.25
45.25
45.25
45.25
45.25
45.125
45.125
45.125
45.125
45.125
45.125
45.125
45.125
45.125
45.125
45.125
45.125
45.125
45.125
45.125
45.125
45.125
45.125
45.125
45.125
45.125
45.125
45.125
45.125
45.125
45.125
45.125
45.125
45.125
45.125
45.125
45.125
45.125
45.125
45.125
45.125
45.125
45.125
45.125
45.125
45.125
45.125
45.125
45.125
45.125
45.125
45.125
45.125
45.125
45.125
45.125
45.125
45.125
45.125
45.25
45.25
45.25
45.25
45.25
45.25
45.25
45.25
45.25
45.25
45.25
45.25
45.25
45.25
45.25
45.25
45.25
45.25
45.25
45.25
45.25
45.25
45.25
45.25
45.25
45.25
45.25
45.25
45.25
45.25
45.25
45.375
45.375
45.375
45.375
45.5
45.75
46.0
46.0
46.0
46.0
46.0
46.0
46.0
46.0
46.0
46.0
46.0
46.0
46.0
46.0
46.0
46.0
46.0
46.0
46.0
46.0
46.0
46.0
46.0
46.0
46.0
46.0
46.0
46.0
46.0
46.0
46.0
46.0
46.0
46.0
46.0
46.0
46.0
46.0
46.0
46.0
46.0
46.0
46.0
46.0
46.0
46.0
46.0
46.0
46.0
46.0
46.0
46.0
46.0
46.0
46.0
46.0
46.0
46.0
46.0
46.0
46.0
46.0
46.0
46.0
46.0
46.0
46.0
46.0
46.0
46.0
46.0
46.0
46.0
46.0
46.0
46.0
46.0
46.0
46.0
46.0
46.0
46.0
46.0
46.0
46.0
46.0
46.0
46.0
45.875
45.875
45.875
45.875
45.875
46.0
46.0
46.0
46.0
46.0
45.875
45.875
45.875
45.875
45.875
45.875
45.875
45.875
45.875
45.875
45.875
45.75
45.75
45.75
45.75
45.75
45.75
45.75
45.75
45.75
45.75
45.75
45.75
45.625
45.625
45.625
45.625
45.625
45.625
45.625
45.625
45.625
45.625
45.5
45.5
45.5
45.5
45.375
45.375
45.375
45.375
45.375
45.375
45.375
45.375
45.375
45.375
45.375
45.375
45.25
45.25
45.25
45.25
45.25
45.25
45.125
45.125
45.125
45.0
45.0
44.875
44.875
44.875
44.875
44.875
44.875
44.75
44.75
44.625
44.625
44.625
44.625
44.625
44.625
44.625
44.625
44.5
44.5
44.375
44.25
44.25
44.125
44.125
44.0
44.0
43.875
43.75
43.75
43.625
43.5
43.5
43.375
43.375
43.25
43.25
43.125
43.0
43.0
42.875
42.875
42.75
42.625
42.625
42.5
42.375
42.375
42.25
42.125
42.125
42.0
41.875
41.875
41.75
41.625
41.625
41.5
41.375
41.25
41.25
41.125
41.0
40.875
40.875
40.75
40.625
40.5
40.5
40.375
40.25
40.125
40.0
40.0
39.875
39.75
39.625
39.625
39.5
39.375
39.375
39.25
39.125
39.0
38.875
38.875
38.75
38.625
38.5
38.375
38.375
38.25
38.125
38.0
37.875
37.875
37.75
37.625
37.5
37.375
37.375
37.375
37.375
37.375
37.375
37.375
37.375
37.375
37.25
37.25
37.5
37.5
37.5
37.5
37.625
37.625
37.625
37.625
37.625
37.625
37.625
37.625
37.625
37.625
37.625
37.625
37.625
37.5
37.5
37.5
37.375
37.375
37.375
37.375
37.375
37.375
37.375
37.375
37.375
37.375
37.375
37.375
37.375
37.375
37.375
37.375
37.375
37.375
37.375
37.375
37.25
37.25
37.25
37.25
37.25
37.25
37.25
37.25
37.25
37.25
37.25
37.25
37.25
37.25
37.25
37.25
37.25
37.25
37.25
37.25
37.25
37.125
37.125
37.125
37.125
37.125
37.125
37.125
37.125
37.125
37.125
37.125
37.125
37.125
37.125
37.125
37.125
37.125
37.125
37.125
37.125
37.125
37.125
37.125
37.125
37.125
37.125
37.125
37.125
37.125
37.125
37.125
37.125
37.125
37.125
37.125
37.125
37.125
37.125
37.125
37.125
37.125
37.125
37.125
37.125
37.125
37.125
37.125
37.125
37.125
37.125
37.125
37.125
37.125
37.125
37.125
37.125
37.25
37.25
37.25
37.25
37.25
37.25
37.25
37.25
37.25
37.25
37.25
37.25
37.125
37.125
37.125
37.125
37.125
37.125
37.125
37.125
37.125
37.125
37.125
37.125
37.125
37.125
37.125
37.125
37.125
37.125
37.125
37.125
37.125
37.125
37.125
37.125
37.125
37.125
37.125
37.125
37.125
37.125
37.125
37.125
37.125
37.125
37.125
37.125
37.125
37.125
37.125
37.125
37.125
37.125
37.125
37.125
37.125
37.125
37.125
37.125
37.125
37.125
37.125
37.125
37.125
37.125
37.125
37.125
37.125
37.125
37.125
37.125
37.125
37.125
37.125
37.125
37.125
37.125
37.125
37.125
37.125
37.125
37.125
37.125
37.125
37.125
37.125
37.125
37.125
37.25
37.25
37.25
37.25
37.25
37.25
37.25
37.25
37.25
37.25
37.25
37.25
37.25
37.375
37.375
37.5
37.5
37.5
37.5
37.5
37.5
37.5
37.5
37.625
37.625
37.625
37.625
37.75
37.75
37.75
37.75
37.75
37.75
37.75
37.75
37.75
37.75
37.75
37.75
37.75
37.75
37.75
37.875
37.875
38.0
38.125
38.125
38.25
38.25
38.25
38.375
38.375
38.375
38.375
38.375
38.375
38.375
38.375
38.5
38.75
38.875
39.0
39.25
39.5
39.625
39.75
40.0
40.125
40.375
40.625
40.875
41.125
41.375
41.75
42.125
42.5
43.0
43.375
43.75
44.125
44.625
45.25
45.75
45.75
45.75
45.75
45.75
45.875
45.875
45.875
46.0
46.0
46.0
46.0
46.0
46.0
46.0
46.0
46.0
46.0
46.0
46.0
46.0
46.0
46.0
46.0
46.0
46.0
46.0
46.0
46.125
46.125
46.125
46.125
46.125
46.125
46.125
46.125
46.125
46.125
46.125
46.125
46.125
46.125
46.125
46.25
46.25
46.25
46.25
46.25
46.25
46.25
46.25
46.375
46.375
46.375
46.375
46.375
46.375
46.375
46.375
46.375
46.375
46.25
46.25
46.25
46.25
46.25
46.25
46.25
46.25
46.25
46.375
46.375
46.375
46.375
46.375
46.375
46.375
46.375
46.375
46.375
46.375
46.375
46.375
46.375
46.375
46.375
46.375
46.375
46.375
46.375
46.375
46.375
46.375
46.375
46.375
46.375
46.375
46.375
46.375
46.375
46.375
46.375
46.375
46.375
46.375
46.375
46.375
46.375
46.375
46.375
46.375
46.375
46.375
46.375
46.375
46.375
46.375
46.375
46.375
46.375
46.375
46.375
46.25
46.25
46.25
46.375
46.375
46.375
46.375
46.375
46.375
46.375
46.375
46.375
46.375
46.25
46.25
46.25
46.375
46.375
46.375
46.375
46.375
46.375
46.375
46.375
46.375
46.375
46.375
46.375
46.375
46.375
46.375
46.375
46.375
46.375
46.375
46.375
46.375
46.375
46.375
46.375
46.375
46.375
46.375
46.375
46.25
46.25
46.25
46.25
46.25
46.25
46.25
46.25
46.25
46.25
46.25
46.25
46.25
46.25
46.25
46.25
46.25
46.25
46.25
46.25
46.25
46.25
46.25
46.25
46.25
46.25
46.25
46.25
46.25
46.25
46.25
46.25
46.25
46.25
46.25
46.25
46.25
46.25
46.25
46.25
46.25
46.25
46.25
46.25
46.25
46.25
46.25
46.25
46.25
46.25
46.25
46.25
46.25
46.25
46.25
46.25
46.25
46.25
46.25
46.25
46.25
46.25
46.25
46.125
46.125
46.125
46.125
46.125
46.125
46.125
46.125
46.125
46.125
46.125
46.125
46.125
46.125
46.125
46.125
46.125
46.125
46.125
46.125
46.125
46.125
46.125
46.125
46.125
46.125
46.125
46.125
46.125
46.125
46.125
46.125
46.125
46.125
46.125
46.125
46.125
46.125
46.125
46.125
46.125
46.125
46.125
46.125
46.125
46.125
46.125
46.125
46.125
46.125
46.125
46.125
46.125
46.125
46.125
46.125
46.125
46.125
46.125
46.125
46.125
46.125
46.125
46.125
46.125
46.125
46.125
46.125
46.125
46.125
46.125
46.125
46.125
46.125
46.125
46.125
46.125
46.125
46.125
46.125
46.125
46.125
46.125
46.125
46.125
46.125
46.125
46.125
46.125
46.125
46.125
46.125
46.125
46.125
46.125
46.125
46.125
46.125
46.125
46.125
46.125
46.125
46.125
46.125
46.125
46.125
46.125
46.125
46.125
46.125
46.125
46.125
46.125
46.125
46.125
46.125
46.125
46.25
46.25
46.25
46.25
46.25
46.25
46.25
46.25
46.25
46.25
46.25
46.25
46.25
46.125
46.125
46.125
46.125
46.125
46.125
46.25
46.25
46.25
46.25
46.25
46.25
46.125
46.25
46.25
46.25
46.25
46.25
46.25
46.25
46.25
46.25
46.125
46.125
46.125
46.125
46.125
46.125
46.125
46.125
46.125
46.125
46.125
46.125
46.125
46.125
46.125
46.125
46.125
46.125
46.125
46.125
46.125
46.125
46.125
46.25
46.25
46.25
46.25
46.25
46.25
46.25
46.25
46.25
46.25
46.25
46.25
46.25
46.25
46.25
46.25
46.25
46.25
46.25
46.25
46.25
46.25
46.25
46.25
46.25
46.25
46.25
46.25
46.25
46.25
46.25
46.25
46.25
46.25
46.25
46.25
46.25
46.25
46.25
46.25
46.25
46.25
46.25
46.25
46.25
46.25
46.25
46.25
46.25
46.25
46.25
46.125
46.125
46.125
46.125
46.125
46.125
46.125
46.125
46.125
46.25
46.25
46.25
46.125
46.25
46.25
46.125
46.125
46.125
46.125
46.125
46.125
46.125
46.125
46.125
46.125
46.125
46.125
46.125
46.125
46.25
46.125
46.125
46.125
46.125
46.125
46.125
46.125
46.25
46.25
46.25
46.25
46.25
46.25
46.25
46.25
46.25
46.25
46.25
46.25
46.25
46.25
46.25
46.25
46.25
46.25
46.25
46.25
46.25
46.25
46.25
46.25
46.25
46.25
46.25
46.25
46.25
46.25
46.25
46.25
46.25
46.25
46.25
46.25
46.25
46.375
46.375
46.375
46.375
46.25
46.25
46.25
46.375
46.375
46.375
46.375
46.375
46.375
46.375
46.375
46.375
46.375
46.375
46.375
46.375
46.375
46.375
46.375
46.375
46.375
46.375
46.375
46.375
46.375
46.375
46.375
46.375
46.375
46.375
46.375
46.375
46.375
46.375
46.375
46.375
46.375
46.375
46.375
46.375
46.375
46.375
46.375
46.375
46.375
46.375
46.375
46.375
46.375
46.375
46.375
46.375
46.375
46.375
46.375
46.375
46.375
46.375
46.375
46.375
46.375
46.375
46.375
46.375
46.375
46.375
46.375
46.375
46.375
46.375
46.375
46.375
46.375
46.375
46.375
46.375
46.375
46.375
46.375
46.375
46.375
46.375
46.375
46.375
46.5
46.375
46.5
46.5
46.5
46.5
46.5
46.5
46.5
46.5
46.5
46.5
46.5
46.5
46.5
46.5
46.5
46.5
46.5
46.5
46.5
46.5
46.5
46.5
46.5
46.5
46.5
46.5
46.5
46.5
46.5
46.5
46.5
46.5
46.5
46.5
46.5
46.5
46.5
46.5
46.5
46.5
46.5
46.5
46.5
46.5
46.5
46.5
46.5
46.5
46.5
46.5
46.5
46.5
46.5
46.5
46.5
46.5
46.5
46.5
46.5
46.5
46.5
46.5
46.5
46.5
46.5
46.5
46.5
46.5
46.5
46.5
46.5
46.5
46.5
46.5
46.5
46.5
46.5
46.5
46.5
46.5
46.5
46.5
46.5
46.5
46.5
46.5
46.5
46.5
46.5
46.5
46.375
46.375
46.375
46.375
46.375
46.375
46.375
46.375
46.375
46.375
46.375
46.375
46.375
46.375
46.375
46.375
46.375
46.375
46.375
46.375
46.375
46.375
46.375
46.375
46.375
46.375
46.375
46.375
46.375
46.375
46.375
46.375
46.375
46.375
46.375
46.375
46.375
46.375
46.375
46.375
46.375
46.375
46.375
46.375
46.375
46.375
46.375
46.375
46.5
46.5
46.5
46.5
46.5
46.5
46.5
46.5
46.5
46.5
46.5
46.5
46.5
46.5
46.375
46.375
46.375
46.375
46.375
46.375
46.375
46.375
46.375
46.375
46.375
46.375
46.375
46.375
46.375
46.375
46.375
46.375
46.375
46.375
46.375
46.375
46.375
46.375
46.375
46.375
46.375
46.375
46.375
46.375
46.375
46.375
46.375
46.375
46.375
46.375
46.375
46.375
46.375
46.375
46.375
46.375
46.375
46.375
46.5
46.5
46.5
46.5
46.5
46.5
46.5
46.5
46.5
46.5
46.5
46.5
46.5
46.5
46.5
46.5
46.5
46.5
46.5
46.5
46.5
46.5
46.5
46.5
46.5
46.5
46.5
46.5
46.5
46.5
46.5
46.5
46.5
46.5
46.5
46.5
46.5
46.5
46.5
46.5
46.5
46.5
46.5
46.5
46.5
46.5
46.5
46.5
46.5
46.5
46.5
46.5
46.5
46.5
46.5
46.5
46.5
46.5
46.5
46.5
46.5
46.5
46.5
46.5
46.5
46.5
46.5
46.5
46.5
46.5
46.5
46.5
46.5
46.5
46.5
46.5
46.5
46.5
46.5
46.5
46.5
46.5
46.5
46.5
46.5
46.5
46.5
46.5
46.5
46.5
46.5
46.5
46.5
46.5
46.5
46.5
46.5
46.5
46.5
46.5
46.5
46.5
46.5
46.5
46.5
46.5
46.5
46.5
46.5
46.5
46.5
46.5
46.5
46.5
46.5
46.5
46.625
46.625
46.625
46.625
46.625
46.625
46.625
46.625
46.625
46.625
46.625
46.625
46.625
46.625
46.625
46.625
46.625
46.625
46.625
46.625
46.625
46.625
46.625
46.625
46.625
46.625
46.625
46.625
46.625
46.625
46.625
46.625
46.625
46.625
46.625
46.625
46.625
46.625
46.625
46.625
46.625
46.625
46.625
46.625
46.625
46.625
46.625
46.625
46.625
46.625
46.625
46.625
46.625
46.625
46.625
46.625
46.625
46.625
46.625
46.625
46.625
46.625
46.625
46.625
46.625
46.625
46.625
46.625
46.625
46.625
46.625
46.625
46.625
46.625
46.5
46.5
46.5
46.5
46.5
46.5
46.5
46.5
46.5
46.5
46.5
46.5
46.5
46.5
46.5
46.5
46.5
46.5
46.5
46.5
46.5
46.5
46.5
46.5
46.5
46.5
46.5
46.5
46.5
46.5
46.5
46.5
46.5
46.5
46.5
46.5
46.5
46.5
46.5
46.5
46.5
46.5
46.5
46.5
46.5
46.5
46.5
46.625
46.625
46.625
46.625
46.625
46.625
46.625
46.625
46.625
46.625
46.625
46.625
46.625
46.625
46.625
46.625
46.625
46.625
46.625
46.625
46.625
46.625
46.625
46.625
46.625
46.625
46.625
46.625
46.625
46.625
46.625
46.625
46.625
46.625
46.625
46.625
46.625
46.625
46.625
46.625
46.625
46.625
46.625
46.625
46.625
46.625
46.625
46.625
46.625
46.625
46.625
46.625
46.625
46.5
46.5
46.625
46.5
46.5
46.5
46.5
46.5
46.625
46.625
46.5
46.5
46.5
46.5
46.5
46.375
46.375
46.375
46.375
46.375
46.25
46.25
46.25
46.25
46.25
46.25
46.25
46.25
46.125
46.125
46.125
46.125
46.0
46.0
46.0
46.0
46.0
46.0
46.0
46.0
46.0
46.0
46.125
46.0
46.0
46.0
46.0
46.0
46.0
45.875
45.875
45.875
45.875
45.875
45.875
45.875
45.875
45.875
45.875
45.875
45.875
45.875
45.875
45.875
45.875
45.875
45.875
45.875
45.875
45.875
45.875
45.875
45.875
45.875
45.875
45.875
45.875
45.875
45.875
45.875
45.875
45.875
45.875
45.875
45.875
45.875
45.875
45.875
45.875
45.875
45.875
45.875
45.875
45.875
45.875
45.875
45.875
45.875
45.875
45.875
45.75
45.75
45.75
45.75
45.75
45.75
45.75
45.75
45.75
45.75
45.75
45.75
45.75
45.75
45.75
45.75
45.75
45.75
45.75
45.75
45.75
45.75
45.75
45.75
45.75
45.75
45.75
45.75
45.75
45.75
45.75
45.75
45.75
45.75
45.75
45.75
45.75
45.75
45.75
45.75
45.75
45.75
45.75
45.75
45.75
45.75
45.75
45.75
45.75
45.75
45.75
45.75
45.75
45.75
45.75
45.75
45.75
45.75
45.75
45.75
45.75
45.75
45.75
45.625
45.625
45.5
45.375
45.375
45.25
45.125
45.125
45.0
44.875
44.75
44.75
44.625
44.5
44.375
44.25
44.125
44.125
44.0
43.875
43.75
43.625
43.625
43.5
43.375
43.25
43.125
43.0
42.875
42.875
42.75
42.625
42.5
42.375
42.25
42.25
42.125
42.0
41.875
41.75
41.625
41.5
41.5
41.375
41.25
41.125
41.0
40.875
40.75
40.75
40.625
40.5
40.375
40.25
40.125
40.0
40.0
39.875
39.75
39.625
39.5
39.375
39.25
39.25
39.125
39.0
38.875
38.75
38.75
38.625
38.5
38.375
38.375
38.25
38.125
38.0
37.875
37.875
37.75
37.625
37.5
37.375
37.375
37.25
37.125
37.0
36.875
36.875
36.75
36.625
36.5
36.375
36.375
36.25
36.125
36.0
35.875
35.75
35.75
35.625
35.5
35.375
35.25
35.125
35.125
35.0
34.875
34.75
34.625
34.625
34.5
34.375
34.25
34.125
34.0
34.0
33.875
33.75
33.625
33.5
33.375
33.375
33.25
33.125
33.0
32.875
32.75
32.75
32.625
32.5
32.375
32.25
32.125
32.125
32.0
31.875
31.75
31.625
31.5
31.375
31.375
31.25
31.125
31.0
30.875
30.75
30.75
30.625
30.5
30.375
30.25
30.125
30.125
30.0
29.875
29.875
29.875
29.75
29.625
29.625
29.5
29.375
29.25
29.125
29.125
29.0
28.875
28.75
28.75
28.625
28.5
28.375
28.25
28.125
28.125
28.0
27.875
27.75
27.625
27.625
27.5
27.375
27.25
27.125
27.125
27.0
26.875
26.75
26.625
26.5
26.5
26.375
26.25
26.125
26.0
25.875
25.75
25.75
25.625
25.5
25.375
25.25
25.125
25.125
25.0
24.875
24.75
24.75
24.75
24.75
24.75
24.75
24.75
24.75
24.75
24.75
24.75
24.75
24.75
24.75
24.75
24.75
24.875
24.875
25.0
24.875
24.875
25.0
25.0
25.0
24.875
25.0
25.0
25.0
25.0
25.0
25.0
25.125
25.125
25.125
25.125
25.125
25.125
25.125
25.125
25.125
25.125
25.125
25.25
25.25
25.25
25.25
25.25
25.375
25.375
25.375
25.375
25.375
25.375
25.375
25.375
25.375
25.375
25.375
25.375
25.375
25.375
25.375
25.375
25.375
25.375
25.375
25.375
25.375
25.375
25.375
25.375
25.375
25.375
25.375
25.375
25.375
25.375
25.375
25.375
25.375
25.375
25.375
25.375
25.375
25.375
25.375
25.375
25.375
25.375
25.375
25.25
25.25
25.25
25.25
25.25
25.25
25.25
25.25
25.25
25.25
25.25
25.25
25.25
25.25
25.25
25.25
25.25
25.25
25.25
25.25
25.25
25.25
25.25
25.25
25.25
25.25
25.125
25.125
25.125
25.125
25.125
25.125
25.125
25.125
25.125
25.125
25.125
25.125
25.125
25.125
25.125
25.125
25.125
25.125
25.125
25.125
25.125
25.125
25.125
25.125
25.125
25.125
25.125
25.125
25.125
25.125
25.125
25.125
25.125
25.125
25.125
25.125
25.125
25.125
25.125
25.125
25.125
25.125
25.125
25.375
25.5
25.75
26.125
26.625
27.25
28.0
28.625
29.375
30.0
30.75
31.5
32.0
32.5
33.0
33.5
34.0
34.5
35.0
35.625
36.125
36.75
37.375
38.125
38.75
39.375
40.0
40.625
40.875
40.875
41.125
41.625
42.0
42.5
43.125
43.625
44.25
44.875
45.5
45.875
46.0
46.0
46.0
46.0
46.0
46.0
46.0
46.0
46.0
46.0
46.0
46.0
46.0
46.0
46.0
46.0
46.0
46.0
46.0
46.0
46.125
46.125
46.125
46.125
46.125
46.125
46.125
46.125
46.125
46.125
46.125
46.125
46.125
46.125
46.125
46.125
46.125
46.125
46.125
46.125
46.125
46.125
46.125
46.125
46.125
46.125
46.125
46.125
46.125
46.125
46.125
46.125
46.125
46.125
46.125
46.125
46.125
46.125
46.125
46.125
46.125
46.125
46.125
46.125
46.125
46.125
46.125
46.125
46.125
46.125
46.125
46.125
46.125
46.125
46.125
46.125
46.125
46.125
46.125
46.125
46.125
46.125
46.125
46.125
46.125
46.125
46.125
46.125
46.125
46.125
46.125
46.125
46.125
46.25
46.25
46.25
46.25
46.25
46.25
46.25
46.25
46.25
46.375
46.375
46.375
46.375
46.375
46.375
46.375
46.375
46.375
46.375
46.375
46.375
46.375
46.375
46.375
46.375
46.375
46.5
46.5
46.5
46.5
46.5
46.5
46.5
46.5
46.5
46.5
46.5
46.5
46.5
46.5
46.5
46.5
46.5
46.5
46.5
46.5
46.5
46.5
46.5
46.5
46.5
46.5
46.5
46.5
46.5
46.5
46.5
46.5
46.5
46.5
46.5
46.5
46.5
46.5
46.5
46.5
46.5
46.5
46.5
46.5
46.5
46.5
46.5
46.5
46.5
46.5
46.5
46.5
46.5
46.5
46.5
46.5
46.5
46.5
46.5
46.5
46.5
46.5
46.5
46.5
46.5
46.5
46.5
46.5
46.5
46.5
46.5
46.5
46.5
46.5
46.5
46.5
46.5
46.5
46.5
46.5
46.5
46.5
46.5
46.5
46.5
46.5
46.5
46.5
46.5
46.625
46.5
46.625
46.625
46.625
46.625
46.625
46.625
46.625
46.625
46.625
46.625
46.625
46.625
46.625
46.625
46.625
46.625
46.625
46.625
46.625
46.625
46.625
46.625
46.625
46.625
46.625
46.625
46.625
46.625
46.5
46.625
46.625
46.625
46.625
46.625
46.625
46.625
46.625
46.625
46.625
46.625
46.625
46.625
46.625
46.625
46.625
46.625
46.625
46.625
46.625
46.625
46.625
46.625
46.625
46.625
46.625
46.625
46.625
46.625
46.625
46.625
46.625
46.625
46.625
46.625
46.625
46.625
46.625
46.625
46.625
46.625
46.625
46.625
46.625
46.625
46.625
46.625
46.625
46.625
46.625
46.625
46.625
46.625
46.625
46.625
46.625
46.625
46.625
46.625
46.625
46.625
46.625
46.625
46.625
46.625
46.625
46.625
46.625
46.75
46.75
46.75
46.75
46.75
46.75
46.75
46.75
46.75
46.75
46.75
46.75
46.75
46.75
46.75
46.625
46.75
46.75
46.75
46.75
46.75
46.75
46.75
46.75
46.75
46.75
46.75
46.75
46.75
46.75
46.625
46.625
46.625
46.625
46.625
46.625
46.625
46.625
46.625
46.625
46.625
46.625
46.625
46.625
46.625
46.625
46.625
46.75
46.75
46.75
46.75
46.75
46.75
46.75
46.75
46.75
46.75
46.75
46.75
46.75
46.75
46.75
46.75
46.75
46.75
46.75
46.75
46.75
46.75
46.75
46.75
46.75
46.75
46.75
46.75
46.75
46.75
46.75
46.75
46.75
46.75
46.75
46.75
46.75
46.75
46.75
46.75
46.75
46.75
46.75
46.75
46.75
46.75
46.75
46.75
46.75
46.75
46.75
46.75
46.75
46.75
46.75
46.75
46.75
46.75
46.75
46.75
46.75
46.75
46.75
46.75
46.75
46.75
46.75
46.75
46.75
46.75
46.75
46.75
46.75
46.75
46.75
46.75
46.75
46.75
46.75
46.75
46.75
46.75
46.75
46.75
46.75
46.75
46.75
46.75
46.75
46.75
46.75
46.75
46.75
46.75
46.75
46.75
46.75
46.75
46.75
46.75
46.75
46.75
46.75
46.75
46.75
46.75
46.75
46.75
46.75
46.75
46.75
46.75
46.75
46.75
46.75
46.75
46.75
46.625
46.75
46.625
46.625
46.625
46.625
46.625
46.625
46.625
46.75
46.75
46.75
46.75
46.75
46.75
46.75
46.75
46.75
46.75
46.75
46.75
46.75
46.75
46.75
46.75
46.75
46.75
46.75
46.625
46.625
46.625
46.625
46.625
46.625
46.625
46.625
46.625
46.625
46.625
46.625
46.625
46.625
46.625
46.625
46.625
46.625
46.625
46.625
46.625
46.625
46.625
46.625
46.625
46.625
46.625
46.625
46.625
46.625
46.625
46.625
46.625
46.625
46.625
46.625
46.625
46.625
46.625
46.625
46.625
46.625
46.625
46.625
46.625
46.625
46.625
46.625
46.625
46.625
46.625
46.625
46.625
46.625
46.625
46.625
46.625
46.625
46.625
46.625
46.625
46.625
46.625
46.625
46.625
46.625
46.625
46.625
46.625
46.625
46.625
46.625
46.625
46.625
46.625
46.625
46.625
46.625
46.625
46.625
46.625
46.625
46.625
46.625
46.625
46.625
46.625
46.625
46.625
46.625
46.625
46.625
46.625
46.625
46.625
46.625
46.625
46.625
46.625
46.625
46.625
46.625
46.625
46.625
46.625
46.625
46.625
46.625
46.625
46.5
46.625
46.625
46.625
46.625
46.625
46.625
46.5
46.5
46.5
46.5
46.5
46.5
46.5
46.5
46.5
46.5
46.5
46.5
46.5
46.375
46.375
46.375
46.375
46.375
46.375
46.375
46.375
46.375
46.375
46.25
46.25
46.125
46.125
46.0
45.875
45.875
45.75
45.75
45.75
45.625
45.625
45.5
45.5
45.375
45.375
45.25
45.25
45.25
45.125
45.125
45.125
45.0
44.875
44.75
44.625
44.625
44.5
44.375
44.375
44.25
44.125
44.125
44.0
44.0
43.875
43.75
43.75
43.625
43.625
43.5
43.5
43.5
43.5
43.5
43.5
43.375
43.375
43.375
43.375
43.25
43.25
43.25
43.125
43.125
43.125
43.125
43.0
43.0
43.0
42.875
42.875
42.75
42.75
42.75
42.75
42.625
42.625
42.625
42.5
42.5
42.5
42.5
42.5
42.375
42.375
42.375
42.375
42.25
42.125
42.125
42.0
41.875
41.75
41.75
41.625
41.625
41.5
41.5
41.5
41.375
41.375
41.25
41.25
41.25
41.25
41.25
41.25
41.25
41.25
41.25
41.25
41.125
41.125
41.125
41.125
41.0
41.0
41.0
40.875
40.875
40.875
40.75
40.75
40.625
40.625
40.625
40.5
40.5
40.375
40.375
40.25
40.25
40.125
40.125
40.0
39.875
39.75
39.75
39.625
39.625
39.5
39.5
39.375
39.375
39.375
39.25
39.25
39.125
39.125
39.0
39.0
39.0
38.875
38.875
38.75
38.75
38.625
38.625
38.625
38.5
38.5
38.375
38.375
38.25
38.25
38.25
38.125
38.125
38.0
38.0
38.0
37.875
37.875
37.75
37.75
37.625
37.625
37.625
37.5
37.5
37.375
37.375
37.25
37.25
37.25
37.25
37.25
37.25
37.25
37.25
37.25
37.125
37.125
37.125
37.0
37.0
37.0
36.875
36.875
36.75
36.625
36.625
36.5
36.375
36.375
36.25
36.25
36.125
36.125
36.0
36.0
35.875
35.875
35.75
35.75
35.625
35.625
35.625
35.5
35.5
35.375
35.375
35.375
35.25
35.25
35.125
35.125
35.0
34.875
34.875
34.875
34.875
34.875
34.875
34.875
34.75
34.75
34.75
34.75
34.625
34.625
34.625
34.5
34.5
34.5
34.5
34.375
34.375
34.25
34.25
34.25
34.125
34.125
34.0
34.0
34.0
33.875
33.875
33.75
33.75
33.625
33.625
33.5
33.5
33.375
33.375
33.25
33.25
33.25
33.125
33.125
33.125
33.125
33.125
33.125
33.0
33.0
33.0
33.0
33.0
32.875
32.875
32.875
32.875
32.75
32.75
32.75
32.625
32.625
32.625
32.5
32.5
32.5
32.375
32.375
32.25
32.25
32.125
32.125
32.125
32.0
32.0
31.875
31.875
31.875
31.75
31.75
31.75
31.625
31.625
31.5
31.5
31.375
31.375
31.375
31.25
31.25
31.125
31.125
31.125
31.0
31.0
31.0
31.0
30.875
30.875
30.875
30.75
30.75
30.75
30.625
30.625
30.625
30.5
30.5
30.5
30.375
30.375
30.25
30.25
30.25
30.125
30.125
30.0
30.0
29.875
29.875
29.75
29.75
29.625
29.625
29.625
29.5
29.5
29.375
29.375
29.375
29.25
29.25
29.25
29.125
29.125
29.0
29.0
28.875
28.875
28.75
28.75
28.625
28.625
28.5
28.5
28.375
28.375
28.375
28.25
28.25
28.125
28.125
28.125
28.125
28.125
28.125
28.125
28.125
28.125
28.125
28.125
28.125
28.125
28.125
28.5
28.625
28.625
28.625
28.75
28.75
28.75
28.625
28.625
28.5
28.5
28.5
28.375
28.25
28.125
28.0
27.875
27.75
27.625
27.5
27.375
27.25
27.125
27.0
26.875
26.75
26.625
26.5
26.375
26.25
26.125
26.0
25.875
25.75
25.625
25.5
25.375
25.25
25.125
25.0
24.875
24.75
24.625
24.5
24.375
24.25
24.125
24.0
23.875
23.75
23.625
23.5
23.375
23.25
23.125
23.0
22.875
22.75
22.625
22.5
22.375
22.25
22.125
22.0
21.875
21.75
21.625
21.5
21.375
21.25
21.125
21.0
20.875
20.75
20.625
20.5
20.375
20.25
20.125
20.0
19.875
19.75
19.625
19.5
19.375
19.25
19.125
19.0
18.875
18.75
18.625
18.5
18.375
18.25
18.125
18.0
17.875
17.75
17.625
17.5
17.375
17.25
17.125
17.0
16.875
16.75
16.625
16.5
16.375
16.25
16.125
16.0
15.875
15.75
15.625
15.5
15.375
15.25
15.125
15.0
14.875
14.75
14.625
14.5
14.375
14.25
14.125
14.0
13.875
13.75
13.625
13.5
13.375
13.25
13.125
13.0
12.875
12.75
12.625
12.5
12.375
12.25
12.125
12.0
11.875
11.75
11.625
11.5
11.375
11.25
11.125
11.0
10.875
10.75
10.625
10.5
10.375
10.25
10.125
10.0
9.875
9.75
9.625
9.5
9.375
9.25
9.125
9.0
8.875
8.75
8.625
8.5
8.375
8.25
8.125
8.0
7.875
7.75
7.625
7.5
7.375
7.25
7.125
7.0
6.875
6.75
6.625
6.5
6.375
6.25
6.125
6.0
5.875
5.75
5.625
5.5
5.375
5.25
5.125
5.0
4.875
4.75
4.625
4.5
4.375
4.25
4.125
4.0
3.875
3.75
3.625
3.5
3.375
3.25
3.125
3.0
2.875
2.75
2.625
2.5
2.375
2.25
2.125
2.0
1.875
1.75
1.625
1.5
1.375
1.25
1.125
1.0
0.875
0.75
0.625
0.5
0.375
0.25
0.125

