129
241
244
121
118
143
119
114
110
224
106
112
109
222
109
121
106
110
225
115
109
112
473
109
115
107
113
107
109
114
109
114
106
115
129
204
98
228
110
213
96
108
201
123
97
99
100
102
98
96
101
96
102
98
206
99
104
101
102
117
96
101
96
100
103
112
100
99
100
108
96
117
96
97
105
97
102
96
97
400
98
198
98
105
98
208
301
204
96
102
98
104
96
99
198
106
96
96
205
106
96
95
407
100
103
100
97
109
95
120
97
96
99
98
122
97
99
100
97
108
96
209
106
99
97
103
108
98
107
98
106
102
99
104
100
215
101
108
97
97
206
103
98
104
104
200
118
97
105
98
115
398
204
122
104
99
97
100
97
101
97
95
103
96
104
195
199
102
192
200
115
97
202
96
105
109
96
102
98
101
97
98
200
104
97
98
100
96
102
100
317
114
107
108
143
109
131
236
122
113
116
126
111
405
109
107
115
107
112
219
115
220
105
106
113
224
109
108
114
222
108
108
114
108
114
107
409
202
101
98
95
102
95
106
96
293
106
98
95
104
98
103
96
98
105
97
105
100
101
103
104
112
96
100
118
210
96
101
199
539
243
419
128
119
124
125
119
126
120
117
137
118
130
118
119
243
125
245
125
269
118
119
103
103
102
194
107
94
101
96
103
102
108
101
96
95
101
98
105
98
96
104
103
100
96
96
109
96
113
128
95
102
95
102
98
99
101
98
101
103
96
202
100
198
102
96
101
99
98
101
97
100
96
198
131
100
102
101
104
201
96
98
128
119
367
128
119
127
118
120
131
120
248
127
158
122
127
117
118
133
246
119
120
130
118
126
118
123
245
129
120
120
128
117
372
125
109
114
109
223
106
115
111
108
226
115
108
234
106
105
96
97
99
296
96
109
97
103
96
107
107
99
101
98
199
298
99
100
102
103
98
98
103
95
198
96
101
97
103
102
97
197
101
99
103
104
112
126
240
163
244
120
134
124
246
119
119
125
121
124
118
121
128
116
125
119
119
127
118
126
239
128
121
125
119
121
150
125
127
117
361
126
121
119
129
482
125
121
127
113
109
219
222
110
113
109
122
219
227
112
109
107
118
111
228
109
113
107
115
108
109
116
106
114
108
107
113
107
329
112
224
107
112
295
115
116
107
112
107
114
107
221
108
101
98
97
103
98
101
99
199
97
200
97
104
97
102
97
97
101
96
198
96
103
290
98
101
99
100
98
98
103
103
102
397
205
99
100
97
106
98
99
100
98
103
97
98
247
125
120
362
250
119
125
118
127
119
119
125
243
119
119
250
127
119
121
124
118
125
118
118
128
243
110
107
111
107
114
109
221
234
217
113
106
117
110
109
220
114
108
106
114
108
114
111
225
106
114
326
109
221
221
111
112
107
106
340
107
110
117
111
221
114
112
110
114
108
107
116
107
112
106
108
114
222
107
107
221
222
112
114
220
125
120
115
108
120
109
106
118
225
111
119
245
124
119
371
242
118
127
118
365
121
221
110
107
114
109
115
111
105
114
109
115
99
97
100
94
103
97
101
107
97
101
98
96
101
198
99
198
97
298
100
96
102
98
214
95
102
100
96
102
94
104
97
97
103
98
100
99
98
104
97
198
96
101
95
101
98
97
102
293
101
103
98
197
119
128
120
126
121
243
117
127
118
245
118
126
120
126
125
122
284
121
125
119
125
117
119
260
138
119
119
125
366
120
125
118
126
119
119
145
137
144
151
120
126
117
112
109
197
95
295
198
101
391
101
97
94
101
95
103
194
115
198
95
96
203
103
100
96
104
197
97
297
102
98
205
97
102
97
101
101
198
100
110
113
109
123
106
223
110
114
212
111
132
224
108
114
107
327
115
108
113
107
110
113
223
106
107
115
109
114
108
107
226
111
107
107
116
106
114
215
114
331
106
114
107
112
107
107
114
107
116
107
108
114
220
108
224
108
117
109
108
117
109
119
108
109
113
108
113
109
114
117
108
130
112
108
112
108
115
109
109
117
109
115
315
98
103
98
95
104
198
96
197
98
100
196
216
224
345
219
117
115
109
113
108
109
114
108
113
107
105
111
108
113
107
104
198
103
97
95
102
95
99
97
96
102
198
99
100
130
97
294
102
97
103
99
94
103
97
101
94
98
102
206
98
208
107
115
111
118
112
105
114
107
107
114
108
114
107
106
117
106
228
221
106
217
337
243
108
115
104
113
107
223
108
333
113
223
108
219
109
114
111
107
121
128
114
105
108
222
118
226
113
108
114
226
128
122
127
117
120
128
119
125
97
96
101
96
107
194
103
97
202
95
101
95
99
98
100
101
96
302
104
97
103
97
97
101
97
200
97
110
95
106
95
98
105
98
101
97
101
101
97
104
98
97
100
99
217
98
104
94
105
99
327
101
95
96
100
195
97
97
100
197
97
201
98
103
95
198
96
102
98
97
199
205
97
199
100
97
95
99
96
102
94
97
197
106
194
101
96
100
94
97
100
98
101
191
104
117
102
98
95
100
200
97
95
201
101
198
102
98
102
101
96
102
208
195
103
96
103
197
100
476
126
243
119
121
243
126
116
243
122
126
117
120
125
120
125
120
119
128
243
117
119
127
120
125
237
126
120
122
109
108
123
108
116
327
109
113
107
110
172
111
117
107
110
115
107
114
108
110
118
109
219
108
112
263
111
105
112
108
116
218
114
221
106
107
111
115
127
124
118
125
119
128
723
119
125
245
118
123
132
119
126
118
121
126
244
119
119
249
127
121
121
133
119
129
120
243
122
126
116
125
376
118
119
225
103
97
97
101
94
103
195
202
101
97
100
129
98
200
103
103
100
198
96
201
103
96
117
102
122
104
139
201
204
98
116
100
95
103
99
97
198
103
97
98
200
102
115
99
111
99
102
97
199
96
106
100
196
97
103
99
99
100
96
101
96
98
104
98
102
97
96
195
106
193
102
96
101
95
96
101
99
102
96
96
102
97
115
97
98
197
103
96
97
103
97
102
195
106
95
201
98
102
200
97
100
103
97
101
96
98
598
98
108
195
111
199
94
197
96
104
97
96
209
103
98
97
101
95
104
99
96
103
98
102
97
95
103
206
109
113
114
109
114
213
113
110
121
113
111
124
109
116
108
224
108
116
219
115
109
114
107
110
114
106
112
107
110
112
116
116
108
109
123
108
127
107
107
113
125
116
107
109
124
115
222
119
138
120
127
120
246
118
126
119
372
129
119
123
275
133
108
96
141
224
295
108
199
137
115
121
240
106
118
106
113
109
119
126
108
113
123
221
224
108
110
123
220
134
108
115
107
112
108
113
116
108
118
221
117
109
116
217
112
225
108
108
114
116
114
109
106
114
107
228
120
203
102
99
198
96
103
97
100
100
100
101
96
203
98
101
99
99
113
108
223
109
114
108
113
108
219
111
112
226
117
108
115
111
109
114
107
116
107
328
224
106
313
97
198
102
107
97
97
102
298
99
100
197
98
108
103
96
199
97
107
96
103
98
102
196
107
97
99
103
101
101
96
202
98
199
97
101
99
103
96
101
101
94
100
199
102
96
102
134
99
101
101
110
98
102
101
100
116
107
109
118
225
109
109
115
228
106
108
114
108
115
110
112
234
225
110
112
110
112
215
112
126
117
108
107
116
106
114
110
109
117
118
365
127
120
123
119
109
103
96
101
103
98
104
97
108
220
199
103
97
206
198
97
96
101
96
103
104
98
103
98
105
97
98
101
98
199
101
101
96
100
97
97
105
97
103
100
106
128
122
125
238
129
547
118
120
125
120
246
119
128
120
124
123
119
126
120
127
119
117
244
128
119
116
127
120
125
126
119
140
117
126
120
248
117
127
118
119
129
117
127
118
119
125
120
125
118
120
127
118
128
120
127
126
117
127
119
122
127
126
131
122
118
128
117
245
121
126
120
126
122
118
123
121
126
119
112
337
112
109
219
113
331
109
114
215
114
221
109
108
223
115
111
107
338
108
107
114
106
117
107
108
116
112
112
95
196
100
106
95
96
100
96
103
101
96
106
97
102
96
98
101
95
103
97
96
299
96
96
197
197
97
199
102
97
96
104
97
104
98
96
103
203
102
98
104
98
201
199
94
105
94
102
103
116
223
96
103
97
101
93
199
97
103
212
118
96
105
96
100
104
97
101
97
96
102
200
97
96
103
98
102
98
96
103
95
104
97
103
103
115
103
97
96
104
97
101
97
202
97
298
107
197
118
96
102
97
102
99
99
101
201
195
102
94
104
99
96
102
95
103
97
98
201
105
99
95
201
103
97
98
103
97
505
101
101
99
104
99
94
102
98
102
193
105
97
103
97
97
101
111
103
100
