457
512
453
470
452
446
460
464
3286
2786
1509
1246
1166
1212
1018
1168
1076
968
1022
4905
3272
1647
1423
1394
1432
1308
1271
1314
1351
1370
1294
1444
1294
1293
1393
1085
1114
1368
1182
1045
1127
4004
3654
1967
1687
1287
1314
1171
982
1039
1010
1045
1133
1165
974
976
1060
1014
1104
1093
1013
989
970
982
967
942
1439
5506
3768
2533
2466
2377
2119
2131
2221
2121
2067
2681
5333
3702
1877
1845
1774
1938
2247
2139
1773
1817
1705
1673
1895
1824
1931
1616
2010
1635
1678
1760
1626
2189
6438
3393
1990
1870
1501
1677
1937
1574
1464
1458
1314
1204
647
1187
1814
996
678
762
738
475
250
502
648
739
713
5826
4864
2446
1133
1397
646
506
360
310
212
673
5862
4818
2383
1382
1023
1039
1005
1488
1060
895
911
956
946
931
974
1041
929
886
958
736
505
683
3112
2432
1476
1133
971
933
844
844
1053
933
590
237
260
486
594
1392
875
777
797
946
936
955
966
617
872
857
6499
3202
1660
1461
883
670
693
430
332
321
788
6297
2893
1790
1355
1235
1258
1539
1876
1188
1146
1059
1229
1305
1446
1456
1422
1316
1284
1159
1012
792
567
3931
2042
1168
940
662
674
595
565
546
627
615
572
565
519
1184
556
717
687
757
803
514
578
878
631
459
4310
4523
2254
1199
1335
648
533
597
615
716
1060
4868
4864
2152
1196
665
792
667
736
1395
774
858
933
982
1021
1043
1102
1079
799
825
609
407
420
2895
3091
1588
1234
1036
840
724
688
522
322
314
336
245
633
1058
1642
816
727
769
820
616
514
605
730
724
815
5476
3277
1651
1036
1526
896
549
394
365
327
305
5057
2952
1690
1087
684
734
709
1298
823
734
710
804
841
838
914
850
772
796
756
547
209
490
3634
2365
1349
966
836
768
643
631
662
654
847
692
588
539
1297
781
416
558
696
770
786
760
821
885
671
2664
5223
2521
1716
1488
813
880
695
826
449
291
2597
5934
2823
1327
632
455
504
697
1382
836
818
713
826
860
993
1145
1041
938
642
254
246
536
2315
2709
1549
1069
936
823
809
882
942
916
625
278
562
697
680
1578
888
723
471
359
397
319
410
750
872
992
4029
3181
1619
1021
1640
1050
666
383
367
357
782
3203
2678
1776
1130
1033
963
1187
1721
1350
1110
796
486
444
758
795
682
355
298
334
532
748
1075
4010
2347
1151
924
972
644
355
903
982
981
838
555
373
371
503
1464
618
549
496
486
531
549
519
409
445
798
4345
2233
1214
1334
722
527
451
302
245
208
355
4754
2184
1517
1053
584
308
319
1314
618
561
528
527
516
584
830
642
521
373
669
669
196
479
2965
1557
959
691
609
388
223
529
690
841
937
765
271
255
1445
685
577
554
528
540
481
520
647
582
604
3980
3286
1681
637
1402
698
488
403
370
402
350
3323
3354
1607
876
217
175
150
410
1334
351
350
302
228
172
133
566
309
226
176
160
115
96
2787
2901
1314
977
871
765
842
841
792
617
342
125
108
188
347
1301
778
699
699
668
292
233
749
520
227
95
5691
3168
1775
1867
2324
1226
846
591
323
246
346
6026
3394
1790
1253
719
315
316
1183
681
794
933
934
775
644
840
859
701
629
613
734
654
650
3826
2352
1434
1202
1062
812
730
521
478
240
235
327
472
773
1422
895
933
912
920
1007
1021
973
919
993
1108
3315
6215
2993
1591
2112
1922
829
547
564
986
1070
2548
4383
2211
1751
1211
1361
1412
1302
1559
1146
1016
991
1095
1085
1320
1392
1393
1265
1055
915
516
521
3153
4129
2053
1240
965
824
776
778
968
896
987
669
265
220
372
1375
821
742
635
550
384
272
836
576
429
300
5627
3626
2339
1548
2466
1591
829
422
294
304
450
4803
3552
1261
924
757
829
1297
858
737
919
953
870
905
982
1132
1052
794
562
421
262
572
3539
2705
1570
1054
987
821
645
570
336
320
323
275
249
495
936
1464
907
774
816
819
831
748
756
795
810
923
5789
2662
1393
1636
2018
923
477
330
321
317
663
5619
2852
1742
1131
1065
1179
1197
1533
933
927
1076
966
1062
1169
1318
1258
1219
1246
992
709
511
1264
3809
1920
1242
1028
830
779
767
811
725
930
855
438
243
354
1283
798
741
629
484
335
284
485
713
549
349
4251
4123
2001
1348
2302
1674
920
395
296
283
670
4867
5513
2450
1613
661
890
546
1071
1270
735
686
701
742
765
871
1126
765
730
479
565
474
531
3218
2928
1659
1198
1085
841
423
769
826
820
525
201
172
486
505
1499
821
798
862
917
700
490
635
581
937
925
5669
2959
1569
1479
2082
1167
822
579
376
328
376
4715
2866
1708
1042
857
850
889
1389
960
695
439
357
224
447
711
835
934
776
777
684
259
280
4073
2236
1231
816
597
507
439
989
856
902
866
587
340
302
1130
716
652
758
653
545
468
452
611
389
394
2882
4888
2695
1496
1878
1622
746
499
325
364
438
3143
5171
2400
1684
1339
923
411
374
1188
709
699
575
677
538
310
710
448
339
870
868
911
872
2891
3848
1697
1072
759
641
634
760
835
871
992
1057
988
1048
1074
1513
720
742
793
830
730
