-10
33
-19
-28
-31
20
-43
17
51
-78
77
-130
51
41
-8
90
18
-26
-43
62
-13
-72
-24
1
65
62
-44
-9
29
-36
40
-36
67
87
-69
0
16
-9
27
-73
82
133
0
27
-88
-90
-49
-18
8
76
11
-46
108
-76
-5
-20
12
-58
70
-166
-71
-50
14
12
78
171
-96
-141
-119
-79
19
8
17
72
-178
-74
-24
9
-49
-58
77
-151
-31
-8
4
-3
-32
210
-127
-84
-74
35
56
-34
-188
-2
-137
-36
28
-51
-33
78
98
-136
-53
-91
-12
-14
-54
93
-89
-54
-24
-26
-12
-12
-37
-35
-42
-29
-9
10
-3
141
28
-82
-22
-66
61
19
15
58
-117
-22
-48
-70
39
5
65
-56
99
-13
41
-2
7
73
-20
55
23
-40
-4
-38
-59
-75
-32
50
37
-50
17
8
101
-137
51
61
-10
-46
30
-55
-74
142
36
18
4
0
25
-132
44
99
39
9
-129
47
72
-84
147
33
0
-41
34
-121
-16
190
79
85
-1
-2
18
-122
116
79
14
23
3
21
54
6
111
85
-9
43
-52
-116
-56
175
73
58
-5
-25
165
-82
199
68
-26
22
-8
5
-49
108
128
9
3
48
21
-48
-14
67
32
-10
-17
112
42
-22
184
61
-16
4
-27
52
-255
165
40
55
-21
15
-21
75
18
-35
79
12
-2
25
-118
33
96
-33
29
0
-19
-51
-198
128
-41
-47
108
-10
-22
95
87
-48
-13
-22
-16
8
29
49
6
-89
19
-4
4
2
-86
89
-82
-44
12
26
-55
200
103
-77
-67
-50
64
0
-62
25
-73
-65
-50
0
9
-11
47
33
-102
-48
19
-7
-37
-33
56
-125
-69
-10
-46
-75
-13
63
-188
-60
-94
-5
2
-7
146
-140
-148
-52
-72
-40
9
-51
60
-123
-63
-2
-26
-7
41
52
-182
-55
-52
-22
28
42
176
-169
-74
50
18
38
142
-25
207
33
-9
0
-15
5
-151
140
99
55
-17
5
3
-10
-20
51
51
28
-99
13
-5
-17
107
15
79
17
-53
32
-203
117
-31
45
24
-42
10
0
34
-71
14
15
-3
-7
-11
78
12
-46
62
-7
-21
-4
-84
83
-78
120
106
-35
-19
141
96
-73
-4
-60
37
-21
-75
47
-4
-101
8
-28
2
7
33
36
-119
-56
-5
18
0
25
98
-136
-44
-7
51
0
-75
112
-152
-82
-72
-52
18
-2
76
-39
-64
-22
9
17
-8
3
54
-103
-42
-1
103
14
4
75
-196
-100
-18
19
28
19
174
-130
-92
10
-16
-22
20
-156
-18
-96
-49
50
19
8
124
48
-174
