-1
0
-1
3840
0
-1
0
255
-1
0
-1
-256
0
-1
0
240
-1
0
-1
-241
0
-1
0
0
-1
0
-1
-1
0
-1
3840
0
-1
0
-3841
-1
0
-1
-256
0
-1
0
255
-1
0
-1
-241
0
-1
0
240
-1
0
-1
-1
0
-1
3840
0
-1
0
-3841
-1
0
-1
-256
0
-1
0
255
-1
0
-1
-241
0
-1
0
240
-1
0
-1
-1
0
-1
0
0
-1
0
-1
-1
0
-1
3840
3840
-1
0
-3841
-1
0
-1
-256
-256
-1
0
255
-1
0
-1
-241
-4081
-1
0
4080
-1
0
-1
-1
255
-1
3840
-256
-1
0
-3841
-3841
240
-1
-256
-241
-1
0
255
4095
0
-1
-241
-3841
-1
0
4080
-16
0
-1
-3841
255
-1
3840
-256
-241
0
-1
255
240
-1
-256
-241
-1
0
-1
240
0
-1
-4081
-1
-1
0
-1
3840
0
-1
255
-3841
-1
0
-1
-256
0
-1
240
255
-1
0
-1
-241
0
-1
0
240
-1
0
-1
-1
0
-1
3840
0
-1
0
-3841
-1
0
-1
-256
0
-1
0
255
-1
0
-1
-241
0
-1
0
240
-1
0
-1
-1
0
-1
0
0
-1
0
-1
-1
0
-1
3840
0
-1
0
-3841
-1
0
-1
-256
0
-1
0
255
-1
0
-1
-241
0
-1
0
240
-1
0
-1
-1
0
-1
3840
0
-1
0
-3841
-1
0
-1
-256
0
-1
0
255
-1
0
-1
-241
0
-1
0
240
-1
0
-1
-1
0
-1
3840
0
-1
0
-3841
-1
0
-1
-256
0
-1
0
255
-1
0
-1
-241
0
-1
0
240
-1
0
-1
-1
0
-1
0
0
-1
0
-3841
-1
0
-1
3840
0
-1
0
255
-1
0
-1
-256
0
-1
0
240
-1
0
-1
-241
0
-1
0
0
-1
0
-1
-1
0
-1
3840
0
-1
0
-3841
-1
0
-1
-256
0
-1
0
255
-1
0
-1
-241
0
-1
0
240
-1
0
-1
-1
0
-1
3840
0
-1
0
-3841
-1
0
-1
-256
0
-1
0
255
-1
0
-1
-241
0
-1
0
240
-1
0
-1
-1
0
-1
0
0
-1
0
-1
-1
0
-1
3840
3840
-1
0
-3841
-1
0
-1
-256
-256
-1
0
255
-1
0
-1
-241
-4081
-1
0
4080
-1
0
-1
-1
255
-1
3840
-256
-1
0
-3841
-3841
240
-1
-256
-241
-1
0
255
4095
0
-1
-241
-3841
-1
0
4080
-16
0
-1
-3841
255
-1
3840
-256
-241
0
-1
255
240
-1
-256
-241
-1
0
-1
240
0
-1
-4081
-1
-1
0
-1
3840
0
-1
255
-3841
-1
0
-1
-256
0
-1
240
255
-1
0
-1
-241
