403
298
525
377
376
227
420
537
298
210
290
220
326
446
384
185
341
460
593
737
636
356
578
971
914
1018
814
453
441
367
594
421
493
690
664
378
474
578
496
432
451
218
416
412
417
502
621
423
524
565
643
531
263
233
224
337
344
415
473
584
439
344
303
349
324
315
376
298
516
378
365
252
220
351
345
295
369
401
203
288
145
152
290
257
241
177
299
341
384
361
273
381
409
516
528
420
218
265
361
401
306
764
793
934
815
449
325
415
513
457
260
302
553
551
541
654
564
483
485
376
285
317
441
425
515
359
560
705
541
348
341
223
179
293
346
348
315
284
296
253
452
332
373
505
600
214
465
393
646
321
573
644
603
486
311
179
317
371
428
286
204
276
280
251
156
113
94
112
130
173
253
302
390
256
216
322
441
560
484
489
387
431
398
441
299
243
432
411
503
563
399
576
436
532
627
330
524
478
548
673
468
399
374
339
279
246
303
256
310
307
325
213
235
260
252
247
256
231
217
215
239
233
217
214
212
196
198
245
215
302
264
169
162
196
250
303
278
246
199
218
159
173
162
184
172
225
174
202
203
220
183
157
192
203
205
167
210
188
213
192
197
184
181
173
240
174
151
175
186
172
170
232
275
183
146
169
300
310
327
253
319
229
293
199
186
222
262
274
201
221
143
246
186
160
251
232
165
182
197
191
209
193
179
167
174
187
217
235
220
275
263
209
256
231
241
184
288
291
364
239
293
186
179
172
210
284
196
207
313
294
260
201
165
243
302
358
351
202
141
176
265
349
259
263
260
279
378
298
320
300
319
270
190
373
471
340
199
212
260
297
212
165
178
239
299
362
437
220
194
217
295
295
294
402
344
303
297
271
361
252
292
204
206
247
186
227
256
399
366
334
337
262
384
318
337
439
359
292
195
138
167
152
177
225
272
243
175
171
147
145
183
198
178
155
112
96
88
70
66
72
78
84
78
62
45
40
36
51
117
161
148
236
321
330
275
483
392
594
808
752
641
1183
568
450
693
994
695
1405
1415
1401
1933
1562
1048
1260
891
688
809
1394
1076
1224
1349
1131
1181
822
763
751
932
1038
1072
957
1048
1125
859
1073
1272
1073
707
567
1249
879
686
855
897
1189
1358
1228
1199
1428
889
975
1340
1317
868
935
725
1153
1549
1238
939
860
751
622
1191
1311
749
703
641
560
876
912
1085
1252
939
644
815
836
818
861
806
503
588
919
612
699
870
745
629
719
777
643
788
942
861
699
580
681
869
765
536
694
839
971
1172
893
560
719
841
701
896
1095
988
817
659
780
753
640
481
545
538
550
634
728
762
466
746
474
553
727
757
509
449
659
806
729
590
454
474
817
966
527
834
1038
677
690
844
592
746
1040
942
796
1070
647
655
1361
1250
942
1112
1108
704
616
1295
1137
1033
967
804
749
1255
692
753
997
686
719
980
1010
882
1674
1204
665
1176
982
883
767
1390
792
947
1593
1288
618
611
707
676
608
991
986
1138
828
608
637
517
568
739
801
643
967
758
439
530
388
491
556
774
582
646
723
476
530
508
565
700
756
673
1041
787
538
347
331
438
674
566
437
345
412
354
588
679
502
368
442
370
414
482
417
388
469
429
395
433
489
478
408
710
1209
664
637
1081
783
695
686
654
666
658
1245
826
768
805
585
1052
772
799
1006
714
774
1108
1351
1055
1088
672
730
1070
827
1075
844
732
977
746
788
839
684
886
755
616
613
568
678
819
1018
1023
825
637
1007
1457
1026
753
678
615
884
473
798
557
512
397
873
956
649
1336
1390
1181
698
864
1137
1707
1690
1419
885
550
466
652
627
694
768
612
555
677
520
506
637
400
405
395
586
617
645
621
454
466
714
871
657
634
529
364
325
530
471
487
428
485
448
484
554
546
621
473
591
965
570
762
772
602
598
742
576
586
601
452
576
496
403
523
649
500
702
813
640
747
607
618
656
615
481
650
800
650
631
645
759
645
956
579
925
745
589
817
850
898
520
1505
781
1330
1483
1424
990
1198
1053
1629
1183
631
1368
1775
1032
1230
1571
1364
994
1677
856
1112
1212
963
853
1513
1037
969
1180
1328
1448
1130
1203
775
725
1303
1293
1007
1190
1221
1633
1251
903
723
947
793
909
879
1054
700
932
899
788
819
1078
908
713
406
496
669
728
552
604
521
581
548
524
576
475
501
859
967
758
496
610
806
834
652
738
809
1117
1125
636
628
686
487
858
1113
1283
897
611
900
814
1438
1303
604
730
677
860
692
802
816
999
905
961
833
804
693
903
677
701
640
607
568
1203
836
777
1434
893
673
1036
1215
1009
1636
1516
860
1498
1026
1003
1598
1243
1134
2115
1787
928
1198
739
1299
1607
1190
890
1286
819
682
1439
1090
867
893
1102
1050
1065
1105
797
