1
-4
4
0
-3
-1
-5
0
0
-12
22
34
-4
-2
-1
6
0
-4
-1
11
9
-4
-7
0
-3
1
4
0
4
3
0
0
0
-2
5
-3
-6
5
0
8
0
-11
-13
-10
0
8
-15
-1
3
0
-2
-2
-2
-8
12
-5
10
0
2
-18
5
-3
3
-6
7
1
0
-4
3
-3
4
0
6
11
-11
-7
21
2
-1
8
-4
-7
2
-1
-1
2
0
-1
-7
7
-5
10
14
4
11
-1
-7
-12
-9
-12
8
-9
11
1
-4
-3
2
-12
0
-26
2
-14
-2
-18
-4
-19
1
-20
-3
-12
1
2
-1
-2
2
6
1
7
-3
0
5
2
0
6
-6
7
-1
0
-17
30
0
-2
2
9
6
4
2
-7
-5
0
-5
-3
-1
2
-5
0
-10
1
4
0
-6
2
-4
-1
1
4
0
3
4
-1
-26
2
18
3
-1
15
-2
-7
5
15
-1
-8
-3
8
3
-6
5
5
2
-3
1
4
0
-3
-4
7
-3
10
2
0
-3
2
15
2
0
10
-11
4
5
-9
-6
0
0
-2
0
-2
7
0
0
25
15
22
-14
12
72
93
-10
0
35
25
-65
-32
10
8
-24
-21
-23
1
3
5
10
-19
16
45
8
-18
0
-23
-16
28
-12
-4
15
-19
26
36
-23
-25
-15
-10
18
-15
-13
5
-1
2
14
15
23
-9
-10
37
15
-45
19
46
2
-37
31
23
1
8
20
9
33
20
-23
-10
9
-24
4
-32
-16
35
44
-39
0
0
47
11
-42
-26
-13
-49
-23
-1
3
1
21
-34
-12
4
-31
-58
2
-24
-17
13
18
-6
18
3
-4
-1
6
3
3
-16
-28
20
-23
23
-3
-22
12
9
9
2
-24
-19
-5
28
-1
0
-10
38
9
-51
2
16
13
-20
-1
22
4
-15
-59
-44
-31
41
-6
-47
9
-19
4
-9
9
41
31
-3
-5
-14
20
11
-3
5
-13
1
-8
4
14
-13
-3
4
2
-12
-7
13
0
0
11
-5
-14
-2
0
0
-1
-6
5
10
10
-20
6
21
-10
5
9
24
-14
-29
-22
4
-23
-6
-11
8
24
38
-3
24
-11
-2
9
-14
-19
25
-32
-21
19
-23
4
-3
-23
59
30
-28
4
15
13
25
34
2
32
45
5
3
3
-15
-27
21
19
-14
14
15
19
15
9
-3
-10
-10
-26
-24
-13
21
13
5
-29
30
31
43
-12
-15
-41
2
1
33
4
1
-13
30
8
-3
-36
-3
-13
11
5
0
63
-18
14
45
-42
-27
13
-19
-26
-16
35
