41 05 32
41 05 32
41 05 32
41 05 32
41 05 33
41 05 32
41 05 32
41 05 33
41 05 32
41 05 32
41 05 32
41 05 32
41 05 32
41 05 33
41 05 33
41 05 32
41 05 32
41 05 33
41 05 33
41 05 33
41 05 33
41 05 33
41 05 33
41 05 33
41 05 33
41 05 34
41 05 33
41 05 34
41 05 34
41 05 34
41 05 34
41 05 35
41 05 35
41 05 36
41 05 36
41 05 36
41 05 37
41 05 37
41 05 37
41 05 37
41 05 38
41 05 38
41 05 39
41 05 39
41 05 3A
41 05 3A
41 05 3A
41 05 3B
41 05 3B
41 05 3B
41 05 3C
41 05 3C
41 05 3C
41 05 3D
41 05 3D
41 05 3D
41 05 3E
41 05 3E
41 05 3F
41 05 3F
41 05 40
41 05 40
41 05 41
41 05 41
41 05 41
41 05 42
41 05 43
41 05 43
41 05 43
41 05 44
41 05 44
41 05 45
41 05 45
41 05 45
41 05 46
41 05 46
41 05 47
41 05 47
41 05 47
41 05 47
41 05 48
41 05 48
41 05 48
41 05 48
41 05 49
41 05 49
41 05 49
41 05 4A
41 05 4A
41 05 4B
41 05 4B
41 05 4B
41 05 4C
41 05 4C
41 05 4C
41 05 4C
41 05 4D
41 05 4E
41 05 4E
41 05 4E
41 05 4F
41 05 50
41 05 50
41 05 51
41 05 51
41 05 51
41 05 52
41 05 53
41 05 53
41 05 53
41 05 54
41 05 54
41 05 55
41 05 55
41 05 56
41 05 56
41 05 56
41 05 58
41 05 58
41 05 58
41 05 58
41 05 59
41 05 59
41 05 59
41 05 5A
41 05 5A
41 05 5B
41 05 5B
41 05 5B
41 05 5C
41 05 5C
41 05 5C
41 05 5D
41 05 5C
41 05 5D
41 05 5D
41 05 5D
41 05 5D
41 05 5D
41 05 5E
41 05 5E
41 05 5E
41 05 5E
41 05 5F
41 05 5F
41 05 5F
41 05 5F
41 05 5F
41 05 5F
41 05 5F
41 05 60
41 05 60
41 05 60
41 05 60
41 05 61
41 05 61
41 05 61
41 05 61
41 05 61
41 05 62
41 05 62
41 05 62
41 05 62
41 05 62
41 05 63
41 05 63
41 05 63
41 05 63
41 05 64
41 05 64
41 05 64
41 05 64
41 05 64
41 05 65
41 05 65
41 05 66
41 05 66
41 05 66
41 05 66
41 05 67
41 05 67
41 05 67
41 05 68
41 05 68
41 05 69
41 05 69
41 05 69
41 05 69
41 05 6A
41 05 6A
41 05 6A
41 05 6A
41 05 6B
41 05 6A
41 05 6A
41 05 6B
41 05 6B
41 05 6B
41 05 6B
41 05 6B
41 05 6B
41 05 6C
41 05 6C
41 05 6C
41 05 6C
41 05 6C
41 05 6C
41 05 6C
41 05 6C
41 05 6D
41 05 6D
41 05 6D
41 05 6D
41 05 6D
41 05 6D
41 05 6D
41 05 6D
41 05 6E
41 05 6D
41 05 6E
41 05 6E
41 05 6E
41 05 6E
41 05 6E
41 05 6E
41 05 6F
41 05 6F
41 05 6F
41 05 6F
41 05 6F
41 05 6F
41 05 6F
41 05 70
41 05 6F
41 05 6F
41 05 70
41 05 70
41 05 70
41 05 70
41 05 70
41 05 70
41 05 70
41 05 70
41 05 70
41 05 70
41 05 70
41 05 70
41 05 70
41 05 70
41 05 70
41 05 70
41 05 70
41 05 6F
41 05 6F
41 05 6F
41 05 69
41 05 69
41 05 69
41 05 69
41 05 69
41 05 69
41 05 69
41 05 69
41 05 69
41 05 69
41 05 68
41 05 69
41 05 69
41 05 69
41 05 69
41 05 68
41 05 68
41 05 68
41 05 68
41 05 68
41 05 67
41 05 68
41 05 68
41 05 67
41 05 67
41 05 68
41 05 67
41 05 68
41 05 68
41 05 68
41 05 68
41 05 68
41 05 68
41 05 68
41 05 68
41 05 69
41 05 69
41 05 69
41 05 69
41 05 69
41 05 6A
41 05 6A
41 05 6A
41 05 6A
41 05 6B
41 05 6A
41 05 6A
41 05 6B
41 05 6B
41 05 6B
41 05 6B
41 05 6C
41 05 6C
41 05 6C
41 05 6C
41 05 6C
41 05 6D
41 05 6D
41 05 6D
41 05 6D
41 05 6D
41 05 6D
41 05 6D
41 05 6E
41 05 6E
41 05 6E
41 05 6E
41 05 6E
41 05 6F
41 05 6F
41 05 6F
41 05 6F
41 05 6F
41 05 6F
41 05 70
41 05 70
41 05 70
41 05 70
41 05 70
41 05 71
41 05 71
41 05 71
41 05 72
41 05 71
41 05 71
41 05 73
41 05 72
41 05 72
41 05 72
41 05 73
41 05 73
41 05 72
41 05 74
41 05 73
41 05 73
41 05 74
41 05 74
41 05 75
41 05 74
41 05 75
41 05 74
41 05 74
41 05 74
41 05 74
41 05 75
41 05 76
41 05 75
41 05 75
41 05 75
41 05 76
41 05 76
41 05 76
41 05 76
41 05 76
41 05 77
41 05 76
41 05 76
41 05 76
41 05 77
41 05 77
41 05 77
41 05 77
41 05 77
41 05 77
41 05 77
41 05 77
41 05 77
41 05 79
41 05 78
41 05 78
41 05 78
41 05 78
41 05 78
41 05 78
41 05 79
41 05 79
41 05 79
41 05 79
41 05 7A
41 05 7B
41 05 7A
41 05 7B
41 05 7B
41 05 7B
41 05 7B
41 05 7B
41 05 7B
41 05 7B
41 05 7C
41 05 7C
41 05 7B
41 05 7B
41 05 7B
41 05 7C
41 05 7C
41 05 7D
41 05 7D
41 05 7C
41 05 7D
41 05 7E
41 05 7D
41 05 7E
41 05 7D
41 05 7D
41 05 7E
41 05 7F
41 05 7E
41 05 7E
41 05 7E
41 05 7F
41 05 7F
41 05 7F
41 05 7F
41 05 7F
41 05 80
41 05 7F
41 05 80
41 05 80
41 05 80
41 05 7F
41 05 80
41 05 7F
41 05 80
41 05 80
41 05 80
41 05 80
41 05 80
41 05 81
41 05 80
41 05 81
41 05 82
41 05 81
41 05 81
41 05 82
41 05 82
41 05 83
41 05 82
41 05 82
41 05 82
41 05 82
41 05 82
41 05 83
41 05 83
41 05 85
41 05 83
41 05 82
41 05 85
41 05 83
41 05 83
41 05 84
41 05 84
41 05 83
41 05 84
41 05 83
41 05 83
41 05 83
41 05 83
41 05 83
41 05 84
41 05 83
41 05 84
41 05 83
41 05 83
41 05 82
41 05 81
41 05 82
41 05 81
41 05 81
41 05 80
41 05 80
41 05 7F
41 05 7F
41 05 7F
41 05 7F
41 05 7F
41 05 7F
41 05 7E
41 05 7D
41 05 7D
41 05 7D
41 05 7D
41 05 7C
41 05 7C
41 05 7C
41 05 7C
41 05 7C
41 05 7C
41 05 7C
41 05 7B
41 05 7C
41 05 7C
41 05 7C
41 05 7B
41 05 7B
41 05 7C
41 05 7B
41 05 7C
41 05 7C
41 05 7C
41 05 7B
41 05 7C
41 05 7B
41 05 7C
41 05 7C
41 05 7C
41 05 7B
41 05 7C
41 05 7B
41 05 7B
41 05 7B
41 05 7B
41 05 7B
41 05 7B
41 05 7C
41 05 7A
41 05 7B
41 05 7A
41 05 7A
41 05 7A
41 05 7A
41 05 7A
41 05 79
41 05 7A
41 05 7B
41 05 7A
41 05 7A
41 05 7B
41 05 7A
41 05 7A
41 05 7A
41 05 7B
41 05 7A
41 05 7A
41 05 7A
41 05 7B
41 05 7B
41 05 7B
41 05 7B
41 05 7C
41 05 7C
41 05 7C
41 05 7C
41 05 7C
41 05 7D
41 05 7C
41 05 7D
41 05 7C
41 05 7D
41 05 7C
41 05 7E
41 05 7D
41 05 7E
41 05 7E
41 05 7D
41 05 7E
41 05 7E
41 05 7E
41 05 7F
41 05 7F
41 05 7F
41 05 7F
41 05 80
41 05 7F
41 05 80
41 05 7F
41 05 80
41 05 81
41 05 81
41 05 81
41 05 81
41 05 81
41 05 81
41 05 81
41 05 82
41 05 81
41 05 82
41 05 81
41 05 81
41 05 81
41 05 81
41 05 81
41 05 81
41 05 82
41 05 81
41 05 80
41 05 80
41 05 80
41 05 7F
41 05 7F
41 05 7F
41 05 7F
41 05 7F
41 05 7F
41 05 7F
41 05 7E
41 05 7E
41 05 7E
41 05 7E
41 05 7E
41 05 7D
41 05 7E
41 05 7D
41 05 7D
41 05 7D
41 05 7D
41 05 7D
41 05 7C
41 05 7C
41 05 7D
41 05 7D
41 05 7D
41 05 7C
41 05 7D
41 05 7D
41 05 7D
41 05 7E
41 05 7D
41 05 7C
41 05 7D
41 05 7D
41 05 7D
41 05 7E
41 05 7D
41 05 7D
41 05 7E
41 05 7E
41 05 7D
41 05 7E
41 05 7E
41 05 7E
41 05 7E
41 05 7E
41 05 7E
41 05 7E
41 05 7F
41 05 7E
41 05 7F
41 05 7F
41 05 7E
41 05 7E
41 05 7F
41 05 7F
41 05 7E
41 05 7F
41 05 7E
41 05 7F
41 05 7E
41 05 7F
41 05 7F
41 05 7E
41 05 7F
41 05 7F
41 05 7F
41 05 7F
41 05 7F
41 05 7F
41 05 7E
41 05 7E
41 05 7F
41 05 7E
41 05 7F
41 05 7E
41 05 7E
41 05 7E
41 05 7E
41 05 7E
41 05 7E
41 05 7F
41 05 7E
41 05 7E
41 05 7E
41 05 7E
41 05 7E
41 05 7F
41 05 7F
41 05 7E
41 05 7E
41 05 7E
41 05 7E
41 05 7E
41 05 7E
41 05 7F
41 05 7F
41 05 7F
41 05 7E
41 05 7E
41 05 7E
41 05 7E
41 05 7F
41 05 7E
41 05 7F
41 05 7F
41 05 7F
41 05 7F
41 05 7F
41 05 7F
41 05 80
41 05 7F
41 05 7F
41 05 7F
41 05 7E
41 05 7F
41 05 7F
41 05 7E
41 05 7F
41 05 7F
41 05 80
41 05 7F
41 05 80
41 05 7F
41 05 7F
41 05 7E
41 05 7F
41 05 7F
41 05 80
41 05 7E
41 05 7F
41 05 7F
41 05 7E
41 05 7F
41 05 7E
41 05 7D
41 05 7D
41 05 7C
41 05 7D
41 05 7D
41 05 7D
41 05 7D
41 05 7C
41 05 7D
41 05 7B
41 05 7C
41 05 7C
41 05 7B
41 05 7B
41 05 7B
41 05 7B
41 05 7C
41 05 7A
41 05 7B
41 05 7B
41 05 7B
41 05 7A
41 05 7B
41 05 7B
41 05 7B
41 05 7B
41 05 7B
41 05 7B
41 05 7C
41 05 7C
41 05 7B
41 05 7C
41 05 7B
41 05 7C
41 05 7C
41 05 7C
41 05 7C
41 05 7C
41 05 7D
41 05 7D
41 05 7C
41 05 7D
41 05 7D
41 05 7D
41 05 7E
41 05 7F
41 05 7E
41 05 7E
41 05 7E
41 05 7F
41 05 7E
41 05 7F
41 05 7E
41 05 7F
41 05 7F
41 05 7E
41 05 7F
41 05 7E
41 05 7E
41 05 7D
41 05 7E
41 05 7E
41 05 7D
41 05 7E
41 05 7D
41 05 7D
41 05 7D
41 05 7D
41 05 7D
41 05 7D
41 05 7C
41 05 7D
41 05 7D
41 05 7D
41 05 7D
41 05 7D
41 05 7C
41 05 7E
41 05 7D
41 05 7D
41 05 7E
41 05 7E
41 05 7E
41 05 7E
41 05 7E
41 05 7E
41 05 7E
41 05 7E
41 05 7E
41 05 7E
41 05 7E
41 05 7D
41 05 7D
41 05 7E
41 05 7E
41 05 7E
41 05 7E
41 05 7E
41 05 7E
41 05 7E
41 05 7E
41 05 7D
41 05 7E
41 05 7D
41 05 7E
41 05 7D
41 05 7D
41 05 7C
41 05 7C
41 05 7D
41 05 7D
41 05 7C
41 05 7D
41 05 7C
41 05 7D
41 05 7D
41 05 7D
41 05 7D
41 05 7D
41 05 7C
41 05 7D
41 05 7D
41 05 7D
41 05 7D
41 05 7E
41 05 7E
41 05 7E
41 05 7E
41 05 7E
41 05 7D
41 05 7E
41 05 7E
41 05 7D
41 05 7E
41 05 7E
41 05 7D
41 05 7E
41 05 7D
41 05 7E
41 05 7D
41 05 7E
41 05 7E
41 05 7E
41 05 7E
41 05 7E
41 05 7E
41 05 7E
41 05 7E
41 05 7E
41 05 7F
41 05 7E
41 05 7D
41 05 7E
41 05 7E
41 05 7E
41 05 7E
41 05 7D
41 05 7E
41 05 7E
41 05 7E
41 05 7D
41 05 7E
41 05 7E
41 05 7E
41 05 7E
41 05 7E
41 05 7E
41 05 7D
41 05 7E
41 05 7D
41 05 7D
41 05 7E
41 05 7E
41 05 7D
41 05 7D
41 05 7D
41 05 7D
41 05 7D
41 05 7D
41 05 7D
41 05 7D
41 05 7D
41 05 7D
41 05 7D
41 05 7D
41 05 7E
41 05 7D
41 05 7D
41 05 7D
41 05 7D
41 05 7D
41 05 7F
41 05 7E
41 05 7E
41 05 7E
41 05 7D
41 05 7D
41 05 7E
41 05 7D
41 05 7E
41 05 7D
41 05 7D
41 05 7D
41 05 7D
41 05 7C
41 05 7C
41 05 7C
41 05 7B
41 05 7C
41 05 7B
41 05 7B
41 05 7B
41 05 7B
41 05 7B
41 05 7A
41 05 7B
41 05 7A
41 05 7B
41 05 7C
41 05 7B
41 05 7C
41 05 7D
41 05 7C
41 05 7D
41 05 7C
41 05 7C
41 05 7D
41 05 7E
41 05 7E
41 05 7E
41 05 7D
41 05 7E
41 05 7E
41 05 7F
41 05 80
41 05 7F
41 05 7F
41 05 7E
41 05 7E
41 05 7F
41 05 7E
41 05 7F
41 05 7F
41 05 7F
41 05 7F
41 05 7E
41 05 7E
41 05 7E
41 05 7F
41 05 7F
41 05 7E
41 05 7F
41 05 7E
41 05 7E
41 05 7E
41 05 80
41 05 7F
41 05 7F
41 05 80
41 05 80
41 05 7E
41 05 7F
41 05 7E
41 05 7F
41 05 7F
41 05 7F
41 05 7F
41 05 7F
41 05 7F
41 05 7E
41 05 7F
41 05 80
41 05 7E
41 05 7F
41 05 7E
41 05 7E
41 05 7E
41 05 7F
41 05 7E
41 05 7D
41 05 7F
41 05 7D
41 05 7E
41 05 7D
41 05 7E
41 05 7E
41 05 7E
41 05 7D
41 05 7E
41 05 7E
41 05 7E
41 05 7E
41 05 7D
41 05 7E
41 05 7E
41 05 7F
41 05 7E
41 05 7E
41 05 7F
41 05 7F
41 05 7F
41 05 80
41 05 7F
41 05 7F
41 05 7F
41 05 7E
41 05 7F
41 05 7F
41 05 80
41 05 7F
41 05 7F
41 05 7F
41 05 80
41 05 7F
41 05 80
41 05 80
41 05 80
41 05 81
41 05 80
41 05 80
41 05 80
41 05 80
41 05 81
41 05 81
41 05 80
41 05 81
41 05 81
41 05 82
41 05 81
41 05 81
41 05 81
41 05 81
41 05 82
41 05 81
41 05 81
41 05 81
41 05 81
41 05 81
41 05 80
41 05 81
41 05 81
41 05 81
41 05 82
41 05 81
41 05 82
41 05 81
41 05 81
41 05 82
41 05 81
41 05 82
41 05 82
41 05 82
41 05 81
41 05 82
41 05 83
41 05 82
41 05 82
41 05 83
41 05 82
41 05 81
41 05 82
41 05 82
41 05 81
41 05 81
41 05 80
41 05 81
41 05 81
41 05 82
41 05 80
41 05 81
41 05 81
41 05 81
41 05 81
41 05 80
41 05 80
41 05 81
41 05 80
41 05 80
41 05 7F
41 05 80
41 05 80
41 05 7F
41 05 7F
41 05 80
41 05 7F
41 05 7E
41 05 7E
41 05 7F
41 05 7F
41 05 7E
41 05 7F
41 05 7F
41 05 7E
41 05 7E
41 05 7F
41 05 7E
41 05 7E
41 05 7E
41 05 7D
41 05 7D
41 05 7E
41 05 7E
41 05 7D
41 05 7D
41 05 7E
41 05 7E
41 05 7D
41 05 7E
41 05 7D
41 05 7E
41 05 7E
41 05 7F
41 05 7E
41 05 7E
41 05 7E
41 05 7E
41 05 7D
41 05 7E
41 05 7F
41 05 7E
41 05 7E
41 05 7F
41 05 7F
41 05 7E
41 05 7F
41 05 7E
41 05 7E
41 05 7E
41 05 7F
41 05 7E
41 05 7E
41 05 80
41 05 7F
41 05 80
41 05 7F
41 05 7F
41 05 80
41 05 7F
41 05 7E
41 05 80
41 05 80
41 05 7F
41 05 7F
41 05 7F
41 05 80
41 05 7F
41 05 80
41 05 7F
41 05 7F
41 05 7F
41 05 7F
41 05 80
41 05 80
41 05 7F
41 05 7F
41 05 80
41 05 7F
41 05 7F
41 05 80
41 05 80
41 05 80
41 05 7F
41 05 80
41 05 80
41 05 7F
41 05 80
41 05 80
41 05 80
41 05 81
41 05 81
41 05 80
41 05 81
41 05 80
41 05 81
41 05 81
41 05 81
41 05 81
41 05 81
41 05 81
41 05 81
41 05 82
41 05 82
41 05 82
41 05 83
41 05 82
41 05 82
41 05 82
41 05 82
41 05 82
41 05 83
41 05 83
41 05 84
41 05 83
41 05 82
41 05 83
41 05 81
41 05 82
41 05 82
41 05 81
41 05 81
41 05 81
41 05 80
41 05 81
41 05 80
41 05 80
41 05 80
41 05 81
41 05 80
41 05 80
41 05 80
41 05 80
41 05 7F
41 05 7F
41 05 7F
41 05 7F
41 05 7E
41 05 80
41 05 7F
41 05 7F
41 05 7E
41 05 7E
41 05 7E
41 05 7E
41 05 7E
41 05 7E
41 05 7E
41 05 7F
41 05 7E
41 05 7F
41 05 7F
41 05 7F
41 05 7F
41 05 7F
41 05 7F
41 05 7F
41 05 7E
41 05 7E
41 05 7E
41 05 80
41 05 7F
41 05 80
41 05 7F
41 05 80
41 05 80
41 05 80
41 05 80
41 05 80
41 05 80
41 05 80
41 05 80
41 05 80
41 05 81
41 05 81
41 05 81
41 05 80
41 05 81
41 05 80
41 05 82
41 05 81
41 05 82
41 05 81
41 05 82
41 05 82
41 05 81
41 05 83
41 05 82
41 05 83
41 05 83
41 05 82
41 05 83
41 05 84
41 05 83
41 05 84
41 05 84
41 05 84
41 05 84
41 05 84
41 05 83
41 05 83
41 05 84
41 05 84
41 05 84
41 05 85
41 05 84
41 05 84
41 05 83
41 05 84
41 05 83
41 05 85
41 05 85
41 05 83
41 05 84
41 05 85
41 05 83
41 05 84
41 05 85
41 05 84
41 05 85
41 05 83
41 05 84
41 05 84
41 05 84
41 05 84
41 05 84
41 05 84
41 05 84
41 05 84
41 05 83
41 05 83
41 05 83
41 05 85
41 05 85
41 05 84
41 05 85
41 05 85
41 05 85
41 05 85
41 05 85
41 05 85
41 05 86
41 05 84
41 05 86
41 05 86
41 05 85
41 05 86
41 05 86
41 05 87
41 05 87
41 05 86
41 05 87
41 05 88
41 05 87
41 05 86
41 05 87
41 05 88
41 05 87
41 05 87
41 05 87
41 05 87
41 05 88
41 05 88
41 05 88
41 05 88
41 05 87
41 05 88
41 05 87
41 05 88
41 05 89
41 05 88
41 05 89
41 05 87
41 05 87
41 05 87
41 05 87
41 05 87
41 05 87
41 05 86
41 05 87
41 05 86
41 05 87
41 05 87
41 05 86
41 05 86
41 05 87
41 05 86
41 05 87
41 05 87
41 05 87
41 05 87
41 05 87
41 05 87
41 05 87
41 05 86
41 05 87
41 05 87
41 05 87
41 05 87
41 05 89
41 05 89
41 05 89
41 05 88
41 05 8A
41 05 89
41 05 8A
41 05 8A
41 05 8A
41 05 89
41 05 8A
41 05 89
41 05 8A
41 05 89
41 05 89
41 05 8A
41 05 87
41 05 87
41 05 88
41 05 85
41 05 84
41 05 85
41 05 84
41 05 85
41 05 85
41 05 85
41 05 85
41 05 85
41 05 84
41 05 84
41 05 85
41 05 84
41 05 86
41 05 84
41 05 85
41 05 85
41 05 85
41 05 84
41 05 84
41 05 85
41 05 85
41 05 84
41 05 83
41 05 85
41 05 83
41 05 82
41 05 82
41 05 82
41 05 82
41 05 82
41 05 82
41 05 81
41 05 81
41 05 81
41 05 7F
41 05 80
41 05 7E
41 05 7E
41 05 80
41 05 7F
41 05 7F
41 05 7F
41 05 7F
41 05 7E
41 05 7F
41 05 7F
41 05 80
41 05 80
41 05 80
41 05 80
41 05 7F
41 05 80
41 05 80
41 05 81
41 05 80
41 05 81
41 05 81
41 05 81
41 05 82
41 05 81
41 05 82
41 05 82
41 05 81
41 05 82
41 05 84
41 05 83
41 05 83
41 05 82
41 05 84
41 05 82
41 05 84
41 05 83
41 05 85
41 05 84
41 05 86
41 05 84
41 05 85
41 05 85
41 05 85
41 05 86
41 05 85
41 05 86
41 05 85
41 05 84
41 05 87
41 05 85
41 05 86
41 05 85
41 05 85
41 05 87
41 05 86
41 05 86
41 05 87
41 05 87
41 05 86
41 05 86
41 05 86
41 05 87
41 05 87
41 05 87
41 05 86
41 05 87
41 05 87
41 05 87
41 05 87
41 05 86
41 05 88
41 05 88
41 05 88
41 05 88
41 05 87
41 05 88
41 05 87
41 05 88
41 05 87
41 05 89
41 05 87
41 05 87
41 05 87
41 05 87
41 05 88
41 05 8A
41 05 89
41 05 89
41 05 88
41 05 89
41 05 8A
41 05 8A
41 05 8A
41 05 8A
41 05 89
41 05 88
41 05 8A
41 05 88
41 05 89
41 05 89
41 05 89
41 05 89
41 05 89
41 05 8A
41 05 8A
41 05 88
41 05 8A
41 05 8A
41 05 8A
41 05 89
41 05 89
41 05 8A
41 05 89
41 05 88
41 05 89
41 05 8A
41 05 89
41 05 89
41 05 8A
41 05 8A
41 05 8A
41 05 89
41 05 8A
41 05 89
41 05 8A
41 05 8A
41 05 8A
41 05 89
41 05 89
41 05 89
41 05 88
41 05 8A
41 05 8A
41 05 8A
41 05 8A
41 05 8A
41 05 89
41 05 88
41 05 89
41 05 8A
41 05 88
41 05 89
41 05 88
41 05 8B
41 05 89
41 05 89
41 05 89
41 05 8A
41 05 8B
41 05 8A
41 05 8A
41 05 8A
41 05 8A
41 05 8A
41 05 8A
41 05 8B
41 05 8C
41 05 8A
41 05 8B
41 05 8B
41 05 8C
41 05 8C
41 05 8C
41 05 8C
41 05 8C
41 05 8C
41 05 8B
41 05 8B
41 05 8D
41 05 8C
41 05 8C
41 05 8D
41 05 8D
41 05 8B
41 05 8B
41 05 8C
41 05 8C
41 05 8B
41 05 8C
41 05 8B
41 05 89
41 05 89
41 05 8A
41 05 89
41 05 8A
41 05 89
41 05 8A
41 05 87
41 05 88
41 05 88
41 05 88
41 05 88
41 05 89
41 05 88
41 05 88
41 05 8A
41 05 89
41 05 89
41 05 87
41 05 89
41 05 88
41 05 89
41 05 89
41 05 8A
41 05 88
41 05 8A
41 05 89
41 05 8B
41 05 8B
41 05 8A
41 05 89
41 05 8A
41 05 8A
41 05 8A
41 05 8A
41 05 8A
41 05 8A
41 05 8B
41 05 8C
41 05 8B
41 05 8C
41 05 8B
41 05 8D
41 05 8B
41 05 8C
41 05 8C
41 05 8C
41 05 8B
41 05 8D
41 05 8C
41 05 8C
41 05 8C
41 05 8C
41 05 8B
41 05 8C
41 05 8B
41 05 8D
41 05 8B
41 05 8C
41 05 8C
41 05 8C
41 05 8D
41 05 8C
41 05 8D
41 05 8B
41 05 8C
41 05 8C
41 05 8C
41 05 8A
41 05 8C
41 05 8B
41 05 8C
41 05 8B
41 05 8A
41 05 8A
41 05 8A
41 05 89
41 05 89
41 05 8A
41 05 89
41 05 89
41 05 88
41 05 88
41 05 87
41 05 88
41 05 87
41 05 88
41 05 89
41 05 88
41 05 87
41 05 88
41 05 88
41 05 88
41 05 88
41 05 87
41 05 88
41 05 87
41 05 88
41 05 88
41 05 88
41 05 88
41 05 88
41 05 87
41 05 89
41 05 89
41 05 8A
41 05 88
41 05 88
41 05 89
41 05 89
41 05 89
41 05 89
41 05 89
41 05 88
41 05 89
41 05 88
41 05 8A
41 05 8A
41 05 8A
41 05 89
41 05 8A
41 05 8B
41 05 8A
41 05 8B
41 05 8C
41 05 8A
41 05 8A
41 05 8B
41 05 8B
41 05 8A
41 05 8A
41 05 8C
41 05 8C
41 05 8D
41 05 8C
41 05 8D
41 05 8C
41 05 8D
41 05 8D
41 05 8D
41 05 8E
41 05 8B
41 05 8B
41 05 8C
41 05 8C
41 05 8C
41 05 8C
41 05 8C
41 05 8A
41 05 8C
41 05 8A
41 05 8B
41 05 89
41 05 8A
41 05 89
41 05 8A
41 05 89
41 05 88
41 05 87
41 05 87
41 05 87
41 05 88
41 05 87
41 05 87
41 05 88
41 05 87
41 05 87
41 05 87
41 05 87
41 05 88
41 05 87
41 05 87
41 05 88
41 05 88
41 05 8A
41 05 89
41 05 89
41 05 89
41 05 89
41 05 89
41 05 8A
41 05 8A
41 05 8A
41 05 89
41 05 8A
41 05 89
41 05 8A
41 05 8B
41 05 89
41 05 8A
41 05 8A
41 05 8B
41 05 8A
41 05 8A
41 05 8B
41 05 8A
41 05 8A
41 05 8C
41 05 8C
41 05 8D
41 05 8D
41 05 8C
41 05 8C
41 05 8D
41 05 8D
41 05 8D
41 05 8C
41 05 8C
41 05 8C
41 05 8C
41 05 8B
41 05 8C
41 05 8C
41 05 8B
41 05 8B
41 05 8B
41 05 8A
41 05 8B
41 05 89
41 05 8A
41 05 8A
41 05 88
41 05 88
41 05 87
41 05 87
41 05 86
41 05 86
41 05 86
41 05 86
41 05 85
41 05 87
41 05 85
41 05 83
41 05 83
41 05 83
41 05 82
41 05 82
41 05 81
41 05 82
41 05 81
41 05 81
41 05 80
41 05 80
41 05 7F
41 05 7F
41 05 7E
41 05 7E
41 05 7E
41 05 7D
41 05 7D
41 05 7D
41 05 7D
41 05 7C
41 05 7C
41 05 7C
41 05 7C
41 05 7C
41 05 7B
41 05 7B
41 05 7A
41 05 7B
41 05 7A
41 05 7B
41 05 7A
41 05 7A
41 05 7A
41 05 7A
41 05 7A
41 05 79
41 05 7A
41 05 79
41 05 78
41 05 79
41 05 79
41 05 78
41 05 79
41 05 79
41 05 79
41 05 79
41 05 79
41 05 79
41 05 79
41 05 79
41 05 79
41 05 79
41 05 78
41 05 78
41 05 79
41 05 79
41 05 79
41 05 79
41 05 7A
41 05 7A
41 05 7A
41 05 7A
41 05 7A
41 05 7A
41 05 7B
41 05 7A
41 05 7B
41 05 7A
41 05 7A
41 05 7B
41 05 7B
41 05 7B
41 05 7A
41 05 7B
41 05 7A
41 05 7A
41 05 7B
41 05 7B
41 05 7B
41 05 7A
41 05 7A
41 05 7A
41 05 7A
41 05 7A
41 05 7A
41 05 7B
41 05 7A
41 05 7B
41 05 7C
41 05 7A
41 05 7C
41 05 7A
41 05 7B
41 05 7C
41 05 7B
41 05 7C
41 05 7C
41 05 7B
41 05 7C
41 05 7C
41 05 7C
41 05 7D
41 05 7D
41 05 7D
41 05 7E
41 05 7E
41 05 7E
41 05 7D
41 05 7F
41 05 7E
41 05 7E
41 05 7E
41 05 7F
41 05 7E
41 05 7E
41 05 7E
41 05 7F
41 05 7F
41 05 7F
41 05 7F
41 05 7F
41 05 7E
41 05 7F
41 05 7E
41 05 7F
41 05 7E
41 05 7E
41 05 7F
41 05 80
41 05 7F
41 05 7F
41 05 80
41 05 80
41 05 80
41 05 80
41 05 80
41 05 7F
41 05 7F
41 05 81
41 05 80
41 05 81
41 05 80
41 05 81
41 05 80
41 05 81
41 05 81
41 05 80
41 05 81
41 05 81
41 05 81
41 05 81
41 05 80
41 05 81
41 05 80
41 05 81
41 05 81
41 05 81
41 05 80
41 05 81
41 05 81
41 05 81
41 05 81
41 05 81
41 05 81
41 05 81
41 05 81
41 05 80
41 05 81
41 05 81
41 05 80
41 05 81
41 05 81
41 05 81
41 05 82
41 05 82
41 05 82
41 05 81
41 05 82
41 05 81
41 05 81
41 05 81
41 05 7E
41 05 7E
41 05 7E
41 05 7E
41 05 7E
41 05 7E
41 05 7E
41 05 7D
41 05 7D
41 05 7D
41 05 7C
41 05 7C
41 05 7B
41 05 7B
41 05 7B
41 05 7B
41 05 7B
41 05 7C
41 05 7C
41 05 7B
41 05 7B
41 05 7C
41 05 7C
41 05 7C
41 05 7B
41 05 7C
41 05 7C
41 05 7C
41 05 7C
41 05 7C
41 05 7C
41 05 7D
41 05 7D
41 05 7B
41 05 7C
41 05 7D
41 05 7D
41 05 7D
41 05 7C
41 05 7C
41 05 7D
41 05 7D
41 05 7C
41 05 7C
41 05 7C
41 05 7D
41 05 7D
41 05 7C
41 05 7D
41 05 7D
41 05 7D
41 05 7D
41 05 7D
41 05 7D
41 05 7D
41 05 7E
41 05 7D
41 05 7E
41 05 7D
41 05 7D
41 05 7D
41 05 7E
41 05 7D
41 05 7E
41 05 32
41 05 32
41 05 32
41 05 32
41 05 33
41 05 32
41 05 32
41 05 33
41 05 32
41 05 32
41 05 32
41 05 32
41 05 32
41 05 33
41 05 33
41 05 32
41 05 32
41 05 33
41 05 33
41 05 33
41 05 33
41 05 33
41 05 33
41 05 33
41 05 33
41 05 34
41 05 33
41 05 34
41 05 34
41 05 34
41 05 34
41 05 35
