-1
-1
-3841
-12033
0
0
-241
-241
-1
-1
-3841
0
0
-256
3840
-1
-1
255
240
240
0
0
-1
-1
-3841
-3841
240
0
0
-1
-241
-1
-1
0
0
3840
-256
-256
-1
-1
240
240
0
0
-256
-1
-1
255
255
0
0
-241
-1
-1
-1
-1
0
0
-256
-256
-1
-1
-1
0
0
3840
3840
-1
-1
-1
255
255
0
0
-1
-1
-1
-1
255
0
0
-241
-241
-1
-1
255
0
0
3840
3840
-1
-1
255
255
0
0
3840
-1
-1
-3841
-3841
0
0
3840
-241
-241
-1
-1
0
0
3840
3840
-241
-1
-1
240
240
0
0
-241
-1
-1
-3841
-3841
0
0
-241
-241
-1
-1
-3841
0
0
-256
-256
-1
-1
-3841
240
240
0
0
-1
-1
-3841
255
240
0
0
-1
-1
-1
-1
240
0
0
-256
-256
-1
-1
240
0
0
3840
-256
-1
-1
255
255
0
0
-256
-1
-1
-3841
-1
0
0
-256
-241
-1
-1
-1
0
0
3840
3840
-1
-1
-1
240
255
0
0
-1
-1
-1
-3841
-3841
0
0
-241
-241
-1
-1
-3841
0
0
-256
3840
-1
-1
255
240
240
0
0
-1
-1
-3841
-3841
240
0
0
-1
-241
-1
-1
0
0
3840
-256
-256
-1
-1
240
240
0
0
-256
-1
-1
255
255
0
0
-241
-1
-1
-1
-1
0
0
-256
-256
-1
-1
-1
0
0
3840
3840
-1
-1
-1
255
255
0
0
-1
-1
-1
-1
255
0
0
-241
-241
-1
-1
255
0
0
3840
3840
-1
-1
255
255
0
0
3840
-1
-1
-3841
-3841
0
0
3840
-241
-241
-1
-1
0
0
3840
3840
-241
-1
-1
240
240
0
0
-241
-1
-1
-3841
-3841
0
0
-241
-241
-1
-1
-3841
0
0
-256
-256
-1
-1
-3841
240
240
0
0
-1
-1
-3841
255
240
0
0
-1
-1
-1
-1
240
0
0
-256
-256
-1
-1
240
0
0
3840
-256
-1
-1
255
255
0
0
-256
-1
-1
-3841
-1
0
0
-256
-241
-1
-1
-1
0
0
3840
3840
-1
-1
-1
240
255
0
0
-1
-1
-1
-3841
-3841
0
0
-241
-241
-1
-1
-3841
0
0
-256
3840
-1
-1
255
240
240
0
0
-1
-1
-3841
-3841
240
0
0
-1
-241
-1
-1
0
0
3840
-256
-256
-1
-1
240
240
0
0
-256
-1
-1
255
255
0
0
-241
-1
-1
-1
-1
0
0
-256
-256
-1
-1
-1
0
0
3840
3840
-1
-1
-1
255
255
0
0
-1
-1
-1
-1
255
0
0
-241
-241
-1
-1
255
0
0
3840
3840
-1
-1
255
255
0
0
3840
-1
-1
-3841
-3841
0
0
3840
-241
-241
-1
-1
0
